,asin,title,brand,Sponsored,Best Seller,Amazon's Choice,Price,Rating,NoofRatings,Discount,Delivery,Prime Delivery,base
0,B08N6KCKRW,"Sunon Height Adjustable 48 x 24 Inches Electric Lift Standing Desk Computer Table with Dual Motors and Memory Preset Controller, Black/Black Frame",Sunon,1,0,0,"23,799",4.3,96,41,"Wed, 16 Feb, 8:00 am - 5:00 pm",0,96
1,B089VXHKMH,"Sunon Office Table 47"" Computer Desk Study Writing Table for Home Office, Modern Simple Style PC Desk, Black Metal Frame Laptop Table, Size-47.2 X 23.6 X 28.9 Inch",Sunon,1,0,0,"5,949",4.6,570,50,"Wed, 16 Feb, 8:00 am - 5:00 pm",0,570
2,B098LF2QQS,Pazano Multipurpose Engineered Wood Finish Office Table Computer Desk (90x60x75cm) Modern Sturdy Office Desk PC Laptop Study Writing Table for Home Office - White,Pazano,1,1,0,"2,999",3.8,483,40,"Tuesday, February 15",1,483
3,B094RCB6SN,"Monarch Elevate Height Adjustable Table Desk | Electric | 3 Stage Dual Bosch Motor | Ergonomic Sit-Stand Solution | Laminate Table Top Desk (1500mm X 700mm X 25mm ) OR (60 Inch X 28 Inch X 1 Inch ) OR (5 Ft X 2.3 Ft), Persian Blue),Load Capacity 120KG,",Monarch,1,0,0,"47,736",4.7,27,5,"Thursday, February 17",0,27
4,B08BXFPQR9,"Amazon Brand - Solimo Fame MDF Study Desk(Walnut Finish,Brown)",Amazon,0,0,0,"4,799",4.0,522,36,"Fri, 11 Feb, 7:00 am - 9:00 pm",0,522
5,B09NX4RCZX,SUNNYCRAFT Multipurpose Home Engineered Wood Powder Coated Finish Study Desk/Work from Home (Brown- Size 90x60x75cm) Modern Study Desk Laptop Table for Home & Office(2D),SUNNYCRAFT,0,0,0,"2,200",5.0,6,56,"Tuesday, February 15",1,6
6,B098LF2QQS,Pazano Multipurpose Engineered Wood Finish Office Table Computer Desk (90x60x75cm) Modern Sturdy Office Desk PC Laptop Study Writing Table for Home Office - White,Pazano,0,1,0,"2,999",3.8,483,40,"Tuesday, February 15",1,483
7,B0956XP4QM,"STAR WORK Metal Frame Workstation Modern Simple Style PC Desk with Storage Bag and Hook (Black, 30"" X 32"" X19"")",STAR,0,0,0,"2,983",3.8,"1,065",40,"Wednesday, February 16",1,"1,065"
8,B0874BZTTQ,"Mr IRONSTONE L Shaped Gaming Desk, Textured Carbon Fiber Computer Corner Game Desk, Home Office Writing Workstation with Large Monitor Stand,Cup Holder & Headphone Hook",Mr,0,0,0,"10,999",4.7,"16,470",27,"Tuesday, February 15",1,"16,470"
9,B07VSRQB89,"BLUEWUD Mallium Engineered Wood Study & Computer Table, Office Desk (Wenge)",BLUEWUD,0,0,0,"3,779",4.0,"1,977",40,"Wednesday, February 16",1,"1,977"
10,B00DR4F4T8,Ikea Micke Wood Finish Desk (White),Ikea,0,0,0,"10,632",4.1,87,18,"Friday, February 18",0,87
11,B09HNPD7H6,Deskio - Home Office Computer Desk with Shelves | Modern Sturdy Wood Finish Table | Work from Home Workstation (Brown),Deskio,0,0,0,0,4.6,38,0,,0,38
12,B08QW5CSQJ,"LAD Workspaces Metal Office Desk; Study Desk(Walnut Finish,Walnut)",LAD,0,0,0,0,4.8,270,0,,0,270
13,B09JZ4KS27,"HOMERLEY Multipurpose Study Table, Office Table, Laptop Table, Computer Table, Workstation Table, Computer Desk, Study Desk, Office Desk, Writing Table, Work from Home Table, (HOME-2B)",HOMERLEY,0,0,0,"3,099",4.1,29,38,"Tuesday, February 15",1,29
14,B08TM8DPZ7,"Kawachi Computer Desk 47"" Home Office Writing Table with 2-Tier Reversible Storage Shelves Large Size Laptop Study Gaming Desk Workstation",Kawachi,0,0,0,"5,190",2.8,8,39,"Thursday, February 17",1,8
15,B09NVZT3YY,"Ettorez Height Adjustable Home/Office Engineered Wood Computer Desk with Wheels, Multipurpose Study Laptop Desk,Bedside Portable Table for Adults & Kids- Brown",Ettorez,0,0,0,"3,999",3.7,7,33,"Wednesday, February 16",1,7
16,B08HTXJ4CS,Amazon Brand - Solimo Endeavour Engineered Wood Study Desk (Wenge Finish),Amazon,0,0,0,"2,399",3.9,52,47,"Fri, 11 Feb, 7:00 am - 9:00 pm",0,52
17,B07N3WXJJ5,"BLUEWUD Amalet Engineered Wood Study & Computer Table, Office Desk with Drawer (Wenge)",BLUEWUD,0,0,0,"5,499",4.1,"1,126",24,"Thursday, February 17",0,"1,126"
18,B09NLQC6K9,Spacecrafts Wooden Desktop Computer Table Study Office Laptop Desk FW-550 (Walnut),Spacecrafts,0,0,0,"2,799",4.1,104,60,"Wednesday, February 16",0,104
19,B07RSZD7Q9,"BLUEWUD Mallium Engineered Wood Study & Computer Table, Office Desk with Keyboard Slider (Wenge)",BLUEWUD,0,0,0,"4,599",4.0,"1,347",27,"Wednesday, February 16",1,"1,347"
20,B09M8QXDTQ,"TEKAVO Office Table, Laptop Table, Computer table for home, Study Table for Adults, Study Tables, Office table for office work, Office Desk, Table for office work, Work from home table - Teak Finish - Jungle Wood",TEKAVO,1,0,0,"5,699",3.6,13,72,"Monday, February 21",0,13
21,B08PVRF99X,DAINTREE Sheesham Wood Iron Frame Multipurpose Study Table Writing Desk for Study Room Living Room Office Home (Walnut Finish & Black),DAINTREE,1,0,0,"8,999",3.5,6,39,"Tuesday, February 22",0,6
22,B09MNNJY9D,Pelican Essentials Takeshi Desk (4x2 ft) - White Oak Veneer & White Legs,Pelican,1,0,0,"14,700",0,0,1,"Friday, February 11",0,"₹14,700
₹14,900 Save ₹200 (1%)"
23,B082J16ZYW,Woodstage Sheesham Wood Writing Study Table for Students Solid Wood Utility Laptop Tables Office Desk for Home Study Room Library Wooden Living Room Furniture (Mahogany Finish),Woodstage,1,0,0,"9,987",4.2,22,26,,1,22
24,B09P6LCWDC,"WOOD WELL Wall Mounted Floating Folding Table, Solid Wood Dining Table Study Table Wooden Desk for Office Home Kitchen (18""X31"" White)",WOOD,0,0,0,"2,699",5.0,1,41,"Wednesday, February 16",0,1
25,B083RCGNPP,JOYO Disney Princess Painted Plastic Finish Portable Desk (Pink),JOYO,0,0,0,702,3.1,4,37,"Wednesday, February 16",1,4
26,B08PKBCL7Y,"Compal Wall Mounted mounting Folding Table Drop-Leaf Folding Kitchen and Dining Laptop Solid Wood Computer Desk (White ,18.5""X31.5"")",Compal,0,0,0,"2,499",4.5,293,58,"Thursday, February 17",1,293
27,B09NTY4Y16,SUNNYCRAFT Multipurpose Home Engineered Wood Powder Coated Finish Study Desk/Work from Home (Brown- Size 90x60x75cm) Modern Study Desk Laptop Table for Home & Office (White),SUNNYCRAFT,0,0,0,"2,500",4.7,16,50,"Tuesday, February 15",1,16
28,B098J5CCV6,"INVISIBLE BED Foldable Table with Ledge 67 X 55 X 40 cm Study Table/Home Office/Laptop Table/Workstation/Wall Mounted Space Saving Desk (MDF, Glossy White Finish) with 1 Free Marker Pen",INVISIBLE,0,0,0,"3,450",4.4,150,14,"Thursday, February 17",1,150
29,B089W3L5GL,"Sunon Office Table Computer Desk 47 Inch Particle Board Finish PC Laptop Study Writing Table for Home Office,Grey",Sunon,0,0,0,"6,204",4.6,570,47,"Wed, 16 Feb, 8:00 am - 5:00 pm",0,570
30,B0919QBZQQ,"Spacecrafts Engineered Wood Office Desk; Study Desk ; Folding Desk (Wenge finish,Wenge)",Spacecrafts,0,0,0,"2,199",4.3,"1,194",45,"Wednesday, February 16",0,"1,194"
31,B08JHQ17ZT,"THKKY No-Assembly Metal and Wood Finish 31.5"" Small Folding Computer Desk for Home, Office, Study, Writing, Workstation for Small Space (White)",THKKY,0,0,0,"2,999",3.4,50,19,"Wednesday, February 16",1,50
32,B08ZHTVGB8,"The Wall Home or Office Desk Study Table (100x60x75cm) (Black Frame, Walnut Wood)",The,0,0,0,"2,899",4.3,88,59,"Wednesday, February 16",1,88
33,B09P7F17WW,"AVANI METROBUZZ Foldable Adjustable Engineered Wood Dining Table, Study Desk Folding Work from Home, Laptop Table, Computer Desk (Beige, Dining Table AMB01 (3x2Inches) (Classic)",AVANI,0,0,0,"1,799",3.7,12,44,"Wednesday, February 16",1,12
34,B09QMN1X75,Lukzer Engineered Wood Study Table Desk with 2 Spacious Shelves Computer Organizer for Home Office Hotel Shops Wooden Table for Kids Room (Wenge),Lukzer,0,0,0,"3,149",0,0,55,"Wednesday, February 16",1,"₹3,149
₹6,999 Save ₹3,850 (55%)"
35,B08S8SPQJR,"DFC Zeta Engineered Wood Study Desk (Matte Finish, Dark Wenge)",DFC,0,0,0,"3,880",3.6,250,21,"Wednesday, February 16",1,250
36,B097GRPQBG,"Brownie Portable and Foldable Study Table For Home and Office, Writting Desk, Computer and Laptop Desk, Study Desk, and 2 Seater dining table made with Engineered Wood and powder coated finish (2x3ft) (Brown, Large)",Brownie,0,1,0,"1,799",3.7,659,10,"Wednesday, February 16",1,659
37,B09PBDMHV9,"DeckUp Plank Aries Engineered Wood Study Table and Office Desk (Wotan Oak and White, Matte Finish)",DeckUp,0,0,0,"4,799",4.7,355,47,"Monday, February 21",0,355
38,B08ZCZ96B6,"STAR WORK - Modern Simple Style Multipurpose Desk Table for Home,Office,Hotel,Bar Dine Table Or Study Writing Desk with Wooden Finish Storage Shelf (30""(H) X40(W) X19(D) in (Big))",STAR,0,0,0,"3,581",4.0,77,10,"Wednesday, February 16",1,77
39,B09RG368KC,"Dime Store Wall Mount Folding Table Wall Shelf with Wall Brackets | Study Table Computer Laptop Table Workstation Desk (White, 18 x 32 Inch)",Dime,0,0,0,"2,099",0,0,40,"Wednesday, February 16",1,"₹2,099
₹3,499 Save ₹1,400 (40%)"
40,B09RWT9J49,"Satshree Metal Modern Simple Desk Industrial Style PC Laptop Table for Home Office, Brown (Bedside C Shape)",Satshree,0,0,0,"4,999",0,0,17,"Wednesday, February 16",0,"₹4,999
₹5,999 Save ₹1,000 (17%)"
41,B09BX7HZNC,"HNI India NUCLEO Ergonomic Desk Table Executive, Home Study & Office Work Desk 25 mm Wooden top, Powder Coated Metal Finish Tubular Legs, A shaped - Q96-Silver LMX, 1200 MM X 525 MM X 745 MM",HNI,0,0,0,"5,653",4.4,13,57,"Saturday, February 19",0,13
42,B096FYTV26,"DlandHome Large Computer Desk, Long Home Office Table, Writing Desk Study Table Gaming Desk Workstation (63 inch, Wood Teak Finish)",DlandHome,0,0,0,"4,999",4.5,850,17,"Wednesday, February 16",1,850
43,B08WKKH1C5,"Woodbuzz Duke Study Table, Laptop, Computer Table Desk for Home & Office - Frosty White and Pink",Woodbuzz,0,0,0,"3,980",3.8,278,41,"Monday, February 21",0,278
44,B08JPSN8W1,"Home Centre Engineered Wood Study Desk(Oak Finish,Brown)",Home,0,0,0,"7,036",3.6,69,40,"Fri, 11 Feb, 7:00 am - 9:00 pm",0,69
45,B08TRLGL94,Kawachi MDF Computer Desk Home Office Writing Table with 2-Tier Reversible Storage Shelves Large Size Laptop Study Gaming Desk Workstation; Brown,Kawachi,0,0,0,"5,190",3.6,15,39,"Thursday, February 17",1,15
46,B09JWYQSN9,Indian Armar Enginneered Plywood Top Powder Coated Leg Study Desk (Brown Colour),Indian,0,0,0,"1,799",3.7,240,55,"Thursday, February 17",0,240
47,B07VSY6LGW,"VASAGLE ALINRU Computer Desk, Writing Table with Iron Frame Top, in The Office and Home Study, Easy Assembly, Stable and Space-Saving, Industrial, Rustic Brown ULWD40X",VASAGLE,0,0,0,"3,299",4.8,724,34,"Wednesday, February 16",1,724
48,B09HZVFBTV,"PRITI Foldable Computer Desk, Study Table Workstation for Teen Student, Home Office Desk Easy to Fold or Open for Writing and Laptop Working and Crafting, Walnut",PRITI,0,0,0,"2,999",0,0,40,"Wednesday, February 16",1,"₹2,999
₹4,999 Save ₹2,000 (40%)"
49,B083QD6W7Y,"COMHOMA Metal Polished finish Writing Computer Desk Office Folding Table Modern Simple Work Study Desk Industrial Style PC Laptop Table for Home Office, No Assembly Required - Brown",COMHOMA,0,0,0,"3,299",4.0,"3,745",34,"Wednesday, February 16",1,"3,745"
50,B08B1CW3MG,Rife CE Certified Single Motor 2-Stage Electric Height Adjustable Standing Desk Base Sit-Stand Desk Frame with Wooden Finish Top Included,Rife,0,0,0,"20,900",3.3,3,48,"Monday, February 14",0,3
51,B09GYHV49N,"CATIVE Multipurpose Table, Writing Table, Computer Desk, Office Table, Workstation Table, Laptop Table (White)(2 Year Manufacturing Warranty)",CATIVE,0,0,0,"2,499",3.9,299,50,"Wednesday, February 16",1,299
52,B08N6KCKRW,"Sunon Height Adjustable 48 x 24 Inches Electric Lift Standing Desk Computer Table with Dual Motors and Memory Preset Controller, Black/Black Frame",Sunon,0,0,0,"23,799",4.3,96,41,"Wed, 16 Feb, 8:00 am - 5:00 pm",0,96
53,B08BFC932Q,"Folding Computer Desk for Small Spaces, Simple Space-Saving Home Office Desk, Foldable Computer Table, Laptop Table, Writing Desk, Compact Study Reading Table (Dark Brown)",Folding,0,0,0,"2,980",3.8,"1,124",25,"Wednesday, February 16",1,"1,124"
54,B094JHMJ5N,"Woodbuzz Duke Study Table, Laptop, Computer Table Desk for Home & Office (White 2021)",Woodbuzz,0,0,0,"3,980",3.9,143,41,"Monday, February 21",0,143
55,B09PV8LG14,"FURNITURE HUB Study Table Home Office 2 Drawer Laptop Computer Living Room Wood Table, Writing Desk for Home and Office Made of Sheesham Wood Bedside",FURNITURE,0,0,0,"8,599",0,0,27,"Monday, February 14",0,"₹8,599
₹11,799 Save ₹3,200 (27%)"
56,B09JZ2ZLQ5,"HOMERLEY Multipurpose Study Table, Office Table, Laptop Table, Computer Table, Workstation Table, Computer Desk, Study Desk, Office Desk, Writing Table, Work from Home Table, Size-90x60x75CM (HOME-2A)",HOMERLEY,1,0,0,"3,099",4.1,29,38,"Tuesday, February 15",1,29
57,B088Z1L4G2,"Demiwall Wooden Writing Study Table for Adults & Students | Study Desk with 2 Drawers Storage for Home & Office | Sheesham Wood, Honey Finish",Demiwall,1,0,0,"10,399",4.1,47,34,,1,47
58,B083FX9FJ5,Woodstage Solid Sheesham Wood Office Desk Computer Study Table with 3 Drawer and 1 Door for Office Hall Study Room Home Wooden Living Room Furniture (Walnut Finish),Woodstage,1,0,0,"13,999",4.3,214,46,,1,214
59,B0956XP4QM,"STAR WORK Metal Frame Workstation Modern Simple Style PC Desk with Storage Bag and Hook (Black, 30"" X 32"" X19"")",STAR,1,0,0,"2,983",3.8,"1,065",40,"Wednesday, February 16",1,"1,065"
60,B094R97X31,"Monarch Elevate Height Adjustable Table Desk | Electric | 3 Stage Dual Bosch Motor | Ergonomic Sit-Stand Solution | Laminate Table Top Desk (1200mm X 600mm X 25mm ) OR (48 Inch X 28 Inch X 1 Inch ) OR (4 Ft X 2.3 Ft), Everest White),Load Capacity 120KG,",Monarch,1,0,0,"46,566",4.7,27,5,"Thursday, February 17",0,27
61,B09MNQ34Z2,Pelican Essentials Takeshi Desk (4x2 ft) - Baltic Birch & White Legs,Pelican,1,0,0,"13,700",0,0,1,"Friday, February 11",0,"₹13,700
₹13,900 Save ₹200 (1%)"
62,B098LF67QY,Pazano Multipurpose Engineered Wood Finish Office Table Computer Desk (90x60x75cm) Modern Sturdy Office Desk PC Laptop Study Writing Table for Home Office - Brown,Pazano,1,1,0,"2,999",3.8,483,40,"Tuesday, February 15",1,483
63,B09GYJS7LY,CATIVE Multipurpose Engineered Wood Finish Office Table Computer Desk (100x60x75cm) Modern Sturdy Office Desk PC Laptop Study Writing Table for Home Office (Black & Black),CATIVE,1,0,0,"2,499",3.5,32,50,"Wednesday, February 16",1,32
64,B09RT2Y3TZ,"Furnifry Multifunctional Wooden Study Table/Writing Reading Table/Laptop Computer Desk for Home Office with Open Shelves/Study Desk (40x16x28 inches, Brown White)",Furnifry,0,0,0,"3,505",2.8,78,56,"Thursday, February 17",1,78
65,B079FB4XK9,"Deckup Giona Engineered Wood Study Table and Office Desk (Dark Wenge, Matte Finish)",Deckup,0,0,0,"4,999",4.5,"4,169",44,"Monday, February 21",0,"4,169"
66,B09GYJS7LY,CATIVE Multipurpose Engineered Wood Finish Office Table Computer Desk (100x60x75cm) Modern Sturdy Office Desk PC Laptop Study Writing Table for Home Office (Black & Black),CATIVE,0,0,0,"2,499",3.5,32,50,"Wednesday, February 16",1,32
67,B09MLY3CJZ,Green Soul Trigger Multi-Purpose Standing Desk with Single Motor (GT-22) (Black),Green,0,0,0,0,5.0,4,0,,0,4
68,B0811GFKPM,"VECELO L Shaped Computer Corner Desk, 59’’x59’â Large Industrial Home Office Workstation, Multi-Usage Long 2 Person Table, Easy Assembly/Saving Space, Steel Frame&Wooden Grain Finish, Brown",VECELO,0,0,0,"7,999",4.1,117,27,,1,117
69,B09J2RX7B9,"Callas Computer Desk Home/Office Desk 29.52 Inch Height Writing Study Desk Modern Simple Desk | Small Desks for Small Spaces | Sturdy Desk for Home, Office, Bedroom, Living Room (Wallnut | CA-ST-02)",Callas,0,0,0,"1,999",3.7,36,50,,0,36
70,B09NM363G6,"Wow Craft Portable and Foldable Study Table for Home and Office Writing Desk, Computer and Laptop Desk Made with Engineered Wood and Powder Coated Finish (Large)",Wow,0,0,0,"1,899",4.1,234,37,"Thursday, February 17",0,234
71,B088ZHDM4T,Furlay Engineered Wood Powder Coated Finish Foldable Desk or Study Table (Dark Brown),Furlay,0,0,0,"3,598",4.4,341,40,"Wednesday, February 16",1,341
72,B082F16M4P,"CubiCubi Study Computer Desk 40"" Home Office Writing Small Desk, Modern Simple Style PC Table, Black Metal Frame Finish, Rustic Brown",CubiCubi,0,0,0,"4,999",4.7,"16,547",38,"Tuesday, February 15",1,"16,547"
73,B07V7TQ1FS,"BLUEWUD Clonard Engineered Wood Study & Computer Table, Office Desk - Large (Wenge)",BLUEWUD,0,0,0,"3,399",4.0,833,6,"Wednesday, February 16",1,833
74,B09KLL7RHQ,"Priti Telos Home Office Computer Desk with Drawer, 42"" White/Brown",Priti,0,0,0,"5,240",2.6,3,13,"Wednesday, February 16",1,3
75,B08252Y12P,"Decornation Well Finished Study Table Desk, Reading Table, Wood Table, Writing Desk for Home and Office Made of MDF Solid Wood (White)",Decornation,0,0,0,"7,999",4.0,630,33,"Thursday, February 24",0,630
76,B09K47KGJF,"Rife Height Adjustable Standing Desk Converter 35 Inch Wide, Sit to Stand Desk, Home Office Workstation with Wide Keyboard Tray - Black",Rife,0,0,0,"11,790",3.9,3,31,,1,3
77,B088NW2TNC,4NM Metal Engineered Wood Finish Small Folding Computer Desk (Grey and Black),4NM,0,0,0,"2,999",3.6,"6,073",25,"Wednesday, February 16",1,"6,073"
78,B09NQ2G3RH,"Redwud Westie Engineered Wood Study Table, Writing Desk, Computer Desk, Study Desk, Office Desk, Small Office Table, Laptop Table with Drawer, Computer Table (White) (D.I.Y) Matte Finish",Redwud,0,0,0,"3,389",0,0,79,"Wednesday, February 16",1,"₹3,389
₹15,999 Save ₹12,610 (79%)"
79,B09NQ1HYVD,"Redwud Westie Engineered Wood Study Table, Writing Desk, Computer Desk, Study Desk, Office Desk, Small Office Table, Laptop Table with Drawer, Computer Table (Wenge White) (D.I.Y) Matte Finish",Redwud,0,0,0,"3,389",0,0,79,"Wednesday, February 16",1,"₹3,389
₹15,999 Save ₹12,610 (79%)"
80,B097GRPQBG,"Brownie Portable and Foldable Study Table For Home and Office, Writting Desk, Computer and Laptop Desk, Study Desk, and 2 Seater dining table made with Engineered Wood and powder coated finish (2x3ft) (Brown, Large)",Brownie,1,1,0,"1,799",3.7,659,10,"Wednesday, February 16",1,659
81,B09MSQR9V6,SOLIDSTONE Multipurpose Engineered Wood Office Table and Study Table (Size- 92x46x75CM) (Pure Brown),SOLIDSTONE,1,0,0,"2,899",3.9,13,59,"Tuesday, February 15",1,13
82,B0892Z27D8,"EUREKA ERGONOMIC Electric Standing Height Adjustable Gaming Computer Home Office Desk with RGB LED Lights with Gaming Style Design, Dual Motor with Self-Locking Protection, Black, 65 inch",EUREKA,1,0,0,"47,990",4.5,85,20,"Tuesday, February 15",0,85
83,B09GYHV49N,"CATIVE Multipurpose Table, Writing Table, Computer Desk, Office Table, Workstation Table, Laptop Table (White)(2 Year Manufacturing Warranty)",CATIVE,1,0,0,"2,499",3.9,299,50,"Wednesday, February 16",1,299
84,B09KCHKP23,"AVANI METROBUZZ Foldable Adjustable Engineered Wood Finish Dining Table, Study Desk Folding Work from Home, Laptop Table, Computer Desk (Beige, Dining Table (Black-AM)",AVANI,0,0,0,"1,799",3.6,31,57,"Wednesday, February 16",1,31
85,B07YY2H7S7,"LUMI Brateck Imported Electric Height Adjustable Standing Desk Frame with Dual Motor - 3 Stage Premium Lifting Columns , 3 Memory Settings , Sit Stand Reminder Function - 125 kg Capacity , white",LUMI,0,0,0,"32,499",5.0,15,57,"Saturday, February 19",0,15
86,B09K5D2DWZ,"Rife Electric Stand Up Desk Frame, Single Motor 2-Stage Height Adjustable Electric Standing Desk for Home & Office Table, Height Adjustable Desk (Frame Only)",Rife,0,0,0,"19,500",5.0,3,11,,1,3
87,B09MR5FFTC,"VIKI Engineered Wood Desk/Study Table(Suede Finish, Wenge) KANI",VIKI,0,0,0,0,1.0,1,0,,0,1
88,B09NPVC3X3,"Anikaa Weston Engineered Wood Study Table, Writing Desk, Computer Desk, Study Desk, Office Desk, Small Office Table, Laptop Table with Drawer, Computer Table (White) (D.I.Y) Matte Finish",Anikaa,0,0,0,"3,324",1.7,3,79,"Wednesday, February 16",1,3
89,B09NPRN6RX,"Anikaa Grady Engineered Wood Study Table, Writing Desk, Computer Desk, Study Desk, Office Desk, Small Office Table, Laptop Table with Drawer, Computer Table (Wenge White) (D.I.Y) Matte Finish",Anikaa,0,0,0,"4,524",3.0,2,72,"Wednesday, February 16",1,2
90,B091DVLYWB,"Wudville Hanley Engineered Wood Finish Study Table, Laptop, Computer Table Desk for Home & Office (Standard - Wenge)",Wudville,0,0,0,"2,960",3.8,18,7,"Sunday, February 13",1,18
91,B082GRNLPG,"InnoFur Rovid Plywood; Particle Board Study Desk; Folding Desk (Walnut finish,Brown)",InnoFur,0,0,0,"1,499",4.2,21,63,"Thursday, February 17",1,21
92,B09HZTJB2J,"PRITI 35.4"" Small Desk with 8-Hook No-Assembly Folding Computer Desk Home Office Desk Laptop Study Writing Table - White with Hook",PRITI,0,0,0,"3,499",4.0,1,30,"Wednesday, February 16",1,1
93,B09RSKB6Y5,"Furnifry Multifunctional Wooden Study Table/Writing Reading Table/Laptop Computer Desk for Home Office with Open Shelves/Work from Home Study Desk (40x16x28 inches, Brown White)",Furnifry,0,0,0,"3,505",3.8,77,56,"Thursday, February 17",1,77
94,B0953MRPVN,"CATIVE Multipurpose Table, Writing Table, Computer Desk, Office Table, Workstation Table, Laptop Table (Brown)(2 Year Manufacturing Warranty)",CATIVE,0,0,0,"2,499",3.8,76,50,"Saturday, February 19",1,76
95,B08HTYZFZC,Amazon Brand - Solimo Prize Engineered Wood Walnut Finish Study Desk (Brown),Amazon,0,0,0,"3,999",3.9,118,62,"Fri, 11 Feb, 7:00 am - 9:00 pm",0,118
96,B08HJ5Y59W,"Priti No-Assembly Metal Wood Finish Folding Small Computer Desk for Home, Office, Study, Writing, Workstation (Black)",Priti,0,0,0,"2,999",4.0,187,50,"Wednesday, February 16",1,187
97,B09NH7Q45Y,"Torche Scholar Study Table in Yellow Color,Wood Study Table, Laptop, Computer Table Desk for Home & Office (Yellow and White)",Torche,0,0,0,"4,299",3.9,14,46,"Wednesday, February 16",1,14
98,B08BNVY2XR,"4NM 35.4"" Small Desk with 8-Hook No-Assembly Folding Computer Desk Home Office Desk Laptop Study Writing Table - White with Hook",4NM,0,0,0,"3,490",3.8,"2,712",13,"Wednesday, February 16",1,"2,712"
99,B07X54ZPLW,"Deckup Versa Engineered Wood Study Table and Office Desk (Walnut, Matte Finish)",Deckup,0,0,0,"6,999",4.2,"3,444",42,"Monday, February 21",0,"3,444"
100,B09NC3LDDQ,"Klaxon Isa Wood & Metal Study Table, Computer Desk,Writting Desk with Storage Shelves, Latop Desk for Home Office - Asian Walnut & Black",Klaxon,0,0,0,"3,925",3.0,3,53,"Sunday, February 27",0,3
101,B09NJLTS2P,SUNNYCRAFT Multipurpose Computer Table Study Table (90x60x75cm) Modern Study Desk Laptop Table for Home & Office (2A),SUNNYCRAFT,0,0,0,"2,500",5.0,1,50,"Wednesday, February 16",1,1
102,B09KH85LX4,"Furnifry Multifunctional Wooden Study Table/Writing Reading Table/Laptop Computer Desk for Home Office with Open Shelves/Study Desk (40x16x28 inches, Black White)",Furnifry,0,0,0,"3,505",5.0,2,56,"Thursday, February 17",1,2
103,B08R7DXX2Z,"Wow Craft Portable and Foldable Study Table For Home and Office | 2 Seater dining table made with Engineered Wood and powder coated finish (2x3ft) (Brown, Large)",Wow,0,0,0,"1,899",4.1,"1,474",37,"Thursday, February 17",1,"1,474"
104,B08WLZMW3T,LUMI JIN Office Manual Sit to Stand Desk| Height Adjustable Desk| with Tabletop 1200 * 750mm| Manual Standing Desk with Hand Crank| Imported | 80 kg Weight Capacity|,LUMI,0,0,0,"21,500",4.4,34,61,"Saturday, February 19",0,34
105,B097HMVTF1,HNI India - IVO - Ergonomic Design Office Desk Study Table - 1200 MM | 25 mm Thick Wooden Finish Top Hard Framed Steel Support For Computer Working At Home with Angular Legs- 1200 x 600 x 740 MM,HNI,0,0,0,"6,795",4.6,133,53,"Saturday, February 19",0,133
106,B09QFYJ27R,Anikaa Calix Engineered Wooden Study Table Desk with Drawer (White) (D.I.Y) Matte Finish,Anikaa,0,0,0,"4,499",0,0,55,"Wednesday, February 16",1,"₹4,499
₹9,999 Save ₹5,500 (55%)"
107,B09NC46SC5,"Klaxon Joe Wood & Metal Study Table, Laptop, Computer Table Desk - Asian Walnut & Black",Klaxon,0,0,0,"3,975",5.0,1,52,"Sunday, February 27",0,1
108,B09PBD9W4L,"DeckUp Plank Yonne Engineered Wood Study Table and Office Desk (Wotan Oak and White, Matte Finish)",DeckUp,0,0,0,"3,999",4.1,435,47,"Monday, February 21",0,435
109,B07Y6D2DNL,"Tarkan Professional Gaming Desk Large Stainless Steel Carbon Fiber Finish Surface Table for Home, Office with RGB Light, Cup & Headphone Holder (Black)",Tarkan,0,0,0,"13,999",4.4,66,30,"Thursday, February 17",1,66
110,B098B71Q48,LUMI JIN Office Manual Sit to Stand Desk| Height Adjustable Desk| White Frame with Brown Tabletop 1200 * 750mm| Manual Standing Desk with Hand Crank| Imported | 80 kg Weight Capacity|,LUMI,0,0,0,"21,500",5.0,1,61,"Saturday, February 19",0,1
111,B0825TGC1S,Captiver Engineered Wood Wall Mount Multipurpose Foldable Study Table (Classic Walnut),Captiver,0,0,0,"2,449",4.5,35,46,"Wednesday, February 16",1,35
112,B091M4GLY6,"Priti Engineered Wood Office Desk; Writing Desk(gold Finish,White)",Priti,0,0,0,"3,200",3.3,29,52,"Wednesday, February 16",1,29
113,B09MVSD9R6,Krishna furniture's Study Table | Laptop Table | Height Adjustable | Portable | Ideal for Work Form Home | DIY Table | Standing Desk with Attractive Table top,Krishna,0,0,0,"1,499",3.0,3,40,"Wednesday, February 16",0,3
114,B098MR638K,Prestige Furniture - Berry Study Table Desk Office Table (Wengi),Prestige,0,0,0,"7,500",4.5,3,21,,0,3
115,B088TB2QR8,"SOFSYS Modern Folding Computer Writing Desk for Small Space, Gaming, and Home Office Organization, Foldable Industrial Metal Frame Finish with Sturdy Desktop for Students or Small Business, Oak/Black",SOFSYS,0,0,0,"3,850",4.6,650,4,"Wednesday, February 16",1,650
116,B09JZ4KS27,"HOMERLEY Multipurpose Study Table, Office Table, Laptop Table, Computer Table, Workstation Table, Computer Desk, Study Desk, Office Desk, Writing Table, Work from Home Table, (HOME-2B)",HOMERLEY,1,0,0,"3,099",4.1,29,38,"Tuesday, February 15",1,29
117,B09B29D8M2,"HNI India IONIC Ergonomic Design Table, Home Study & Office Work Desk | 25 mm Wooden top, A shaped Powder Coated Metal Finish Legs with accent band - Q96-Silver LMX, 900 x 525 x 745 (MM)",HNI,1,0,0,"5,440",4.1,7,58,"Saturday, February 19",0,7
118,B08THTS29Y,DAINTREE Steel Frame Solid Wood Writing Study Table (Silver),DAINTREE,1,0,0,"10,744",0,0,23,"Tuesday, February 22",0,"₹10,744
₹13,999 Save ₹3,255 (23%)"
119,B08GLLYTM9,DAINTREE Solid Mango Wood Iron Frame Spotlight Writing Study Desk Laptop Computer Table for Study Room Home Office (Natural Finish),DAINTREE,1,0,0,"12,999",3.9,10,16,"Tuesday, February 22",0,10
120,B0979FF3VF,"Monarch Elevate Height Adjustable Table Desk | Electric | 3 Stage Dual Bosch Motor | Ergonomic Sit-Stand Solution | Laminate Table Top Desk (1800mm X 700mm X 25mm ) OR (71 Inch X 28 Inch X 1 Inch ) OR (6 Ft X 2.3 Ft), Pastel orange),Load Capacity 120KG,",Monarch,1,0,0,"48,906",4.7,27,5,"Thursday, February 17",0,27
121,B08QFYV87Z,"HNI India IVO Ergonomic Design Executive Office Desk / Study Table - 900 MM | 25 mm Thick Wooden Top, Metal Framed Steel Finish Support with Angular Legs- 900 x 600 x 745 MM",HNI,1,0,0,"5,937",4.6,133,50,"Saturday, February 19",0,133
122,B09B2DH4GV,"HNI India NUCLEO Ergonomic Design Table Executive, Home Study & Office Work Desk | 25 mm Wooden top, Powder Coated Metal Finish Tubular Legs, A shaped - Q96-Silver LMX 900 x 525 x 715 MM",HNI,1,0,0,"4,675",4.4,13,58,"Saturday, February 19",0,13
123,B08GZD34Z5,DAINTREE Sheesham Wood Iron Frame Multipurpose Desk with 2 Drawer for Study Room Home Office Wooden Writing Study Table Furniture for Students (Honey Finish),DAINTREE,1,0,0,"11,399",3.7,6,19,"Tuesday, February 22",0,6
124,B07MQL273H,"Ikea KUNGSBACKA Particleboard, Fibreboard Desk ( White, 73x50 cm , 28 3/4x19 5/8"")",Ikea,0,0,0,"6,700",4.5,28,0,"Friday, February 18",0,28
125,B08NYW1K5D,"Anexo Metal Folding Computer Work from Home Wooden Table for Laptop Study Office Foldable Desk (Powder Coated Finish , Mahogany)",Anexo,0,0,0,"1,950",3.9,359,67,"Wednesday, February 16",0,359
126,B09NLYSWT4,"Engineered Wood Foldable Study Desk Folding Work from Home, Laptop Table, Computer Desk",Engineered,0,0,0,"3,550",5.0,4,41,"Monday, February 14",0,4
127,B08D6N4B1B,Livzing Foldable Computer Table Study Desk Portable Wooden Finish Laptop Table for Kids and Adults – Home Office Bedside - Black,Livzing,0,0,0,"3,299",4.1,132,40,"Wednesday, February 16",1,132
128,B08LGJGZJ1,"LUMI Manual Height Adjustable Desk with Tabletop| Additional Horizontal RAILFRAME for Better Stability| Manual SIT Stand Desk| Manual Adjustable Table (Engineered Wood Polished Finish , Black)",LUMI,0,0,0,"23,500",4.5,48,59,"Saturday, February 19",0,48
129,B08LHZ1ZZB,SOS Spacewood LiteOffice A line Desk Home and Office Table (Moldau Acacia & Smooth White Finish),SOS,0,0,0,"3,558",4.3,471,29,"Sunday, February 13",1,471
130,B0797KCCTX,"INVISIBLE BED Folding Wooden Wall Mounted Study Desk, Foldable Laptop/Office Table (Dark Walnut Finish - 67.5cm x 56cm) - 100% Made in India",INVISIBLE,0,0,0,"3,639",4.6,"1,257",27,"Thursday, February 17",1,"1,257"
131,B08CZGTT1V,"Furinno Sheesham Wood Writing Study Desk for Home and Office Study Table Computer Desk, Brown & Black",Furinno,0,0,0,"11,398",4.0,"11,544",24,"Saturday, February 19",0,"11,544"
132,B093DL8MS2,LAPO Modern Well Finished Folding Wall Mounted Study Desk/Computer/Laptop/Office Table/Dining Table- Heavy Duty Table Bracket (Wooden Color - 60cm x 40cm)- 100% Made in India,LAPO,0,0,0,"2,172",4.4,6,61,"Thursday, February 17",1,6
133,B08YFJ6DNK,"GONATURS Engineered Wood;Metal Writing Desk; Office Desk(Plywood Finish,White)",GONATURS,0,0,0,"3,199",3.8,749,36,"Sunday, February 20",1,749
134,B088BGGQL8,Furinno Sheesham Wood Writing Study Table Office Desk Laptop Computer Workstation for Home with 2 Drawers & Shelf (Honey Finish),Furinno,0,0,0,"11,897",4.0,"1,878",37,"Wednesday, March 2",0,"1,878"
135,B08L14ZRWG,"WOODWARE Verto Height Adjustable Table, Pre-laminated Engineered wood Carbon Steel Finish Laptop Table, Study Table for Students Kids, Standing Desk for Home Office (Asian Dark)",WOODWARE,0,0,0,"4,990",4.0,61,20,"Thursday, February 17",1,61
136,B09NKYNRPJ,TABLE MAGIC Arrow-80 Computer Study Desk Modern Design Steel Engineered Wood with Epoxy Powder Coating 80x45x75cm Beige Wenge,TABLE,0,0,0,"2,990",0,0,25,"Tuesday, February 15",1,"₹2,990
₹3,990 Save ₹1,000 (25%)"
137,B09MLYLFK8,Green Soul Vogue Multi-Purpose Height Adjustable Table L-Shaped (Right Side) (GT-11) (Black),,0,0,0,0,0,0,0,,0,
138,B09CH3X139,Tablewala Office Table Computer Desk 4ft Sturdy Modern Office Desk PC Laptop Study Writing Table for Home Office (Glossy Finish White),Tablewala,0,0,0,"9,999",4.2,59,41,"Monday, February 14",0,59
139,B079F7YKJW,"Deckup Reno Engineered Wood Study Table and Office Desk (Dark Wenge, Matte Finish)",Deckup,0,0,0,"5,399",4.2,"1,158",46,"Monday, February 21",0,"1,158"
140,B08X6FY9M1,Pepperfry Writing Table | Brand: Mintwud | Collection: Nori | Color: Arizona Walnut | Wooden Table | study table | Laptop Desk | Work from home Table |,Pepperfry,1,0,0,0,3.8,27,0,,0,27
141,B0819VC141,"G Fine Furniture Wooden Finish Writing Study Desk for Room Table for Adults | Study Table for Home and Office | Sheesham Wood, Brown & Black",G,1,0,0,"13,299",4.5,163,47,,1,163
142,B08DV2FT49,"Q Concept Inc Modern Work From Home Wood Finish Folding Multi Purpose Laptop Table for Home Office, Office Work, Study, Computer Gaming (Silver Grey Top with Dark Grey Edges and Black Frame)",Q,1,0,0,"4,999",3.9,28,17,"Wednesday, February 16",1,28
143,B091TTS8FH,"FURNIZY Sheesham Wood Multipurpose Writing Desk Portable Study Tables Computer Table for Adults with Shelf & Drawer Storage for Home Office Wooden Furniture (Teak Finish), Medium (FZ-TB-01)",FURNIZY,1,0,0,"10,999",3.9,4,49,,1,4
144,B092LLZMJQ,"Craftos Hazel Engineered Wood Office Table and Study Desk with Drawer (Dark Wenge, Matte Finish)",Craftos,0,0,0,"3,299",3.7,3,40,"Fri, 11 Feb, 7:00 am - 9:00 pm",0,3
145,B09B2FDP9D,"DecorMaster Multipurpose Foldable Study Table, Office Table, Laptop Table, Computer Table, Workstation Table, Computer Desk, Study Desk, Office Desk, Writing Table, Work from Home Table, Brown Size-92x46x75CM (DM-3A)",DecorMaster,0,0,0,"3,399",3.9,423,46,"Tuesday, February 15",1,423
146,B09FF189B4,"PRITI-Foldable Computer Desk, Study Table Workstation for Teen Student, Home Office Desk Easy to Fold or Open for Writing and Laptop Working and Crafting, Walnut",PRITI-Foldable,0,0,0,"2,999",3.7,21,25,"Wednesday, February 16",1,21
147,B0819VC141,"G Fine Furniture Wooden Finish Writing Study Desk for Room Table for Adults | Study Table for Home and Office | Sheesham Wood, Brown & Black",G,0,0,0,"13,299",4.5,163,47,,1,163
148,B09HKJZSLX,"Isomars multipurpose laptop table study desk drawing table,caster lockable wheels ,height angles adjustable for work from home ,can be used in office , bedroom , length 30 inch x width 17 inch - Black",Isomars,0,0,0,"6,900",5.0,2,27,"Friday, February 11",0,2
149,B09QKN33LD,"ITALO Natural Wood Grain with Engineered Wood Finish Study Table, Laptop, Computer Table Desk for Home, Office & Stores",ITALO,0,0,0,"2,399",0,0,0,"Tuesday, February 15",1,"₹2,399"
150,B099JCL6S4,"Ash & Roh® - Black Metal Frame Finish Modern Simple Computer and Study Desk with Storage Bag and Hook for Home and Office (Black, 30"" H X32 W X19 D in)",Ash,0,0,0,"2,849",3.2,12,43,"Wednesday, February 16",1,12
151,B08T6CWX8H,"TEKAVO Engineered Wood Writing Desk; Office Desk(Teak Finish,Jungle Wood)",TEKAVO,0,0,0,"5,999",4.0,131,57,"Tuesday, February 22",0,131
152,B09NXJSQ43,"SUNNYCRAFT Engineered Wood Foldable Study Desk Folding Work from Home, Laptop Table, Computer Desk",SUNNYCRAFT,0,0,0,0,5.0,3,0,,0,3
153,B09GPD5RRQ,"HU ENTERPRISE Engineered Wood Folding Adjustable Wall Mounted Office Desk, Study Desk, Study Table, Laptop Table,Office Table - 100% Made in India-White",HU,0,0,0,"1,449",0,0,52,"Wednesday, February 16",1,"₹1,449
₹2,999 Save ₹1,550 (52%)"
154,B09184CB5T,"STAR WORK Metal Writing Desk; Office Desk(Laminated Finish,RED WINE WOOD)",STAR,0,0,0,"2,884",3.0,27,52,"Wednesday, February 16",1,27
155,B0917SDZ6Y,"Indian Armar Multipurpose Portable Engineered Wood Study Desk with Folding Chair (Wenge finish,Black)",Indian,0,0,0,"2,999",3.7,121,50,"Thursday, February 17",0,121
156,B09N7515S3,"Tabniture Engineered Wood Office Desk; Study Desk(Wenge Finish,Wenge)",Tabniture,0,0,0,"2,999",0,0,54,"Wednesday, February 16",0,"₹2,999
₹6,499 Save ₹3,500 (54%)"
157,B09J1BCQZR,Nilkamal Alpha Engineered Wooded Computer Desk | Finish Color - Walnut|(IALPHNCOMTBLK/WNT),Nilkamal,0,0,0,"5,999",5.0,2,14,"Thursday, February 17",0,2
158,B09LT63N99,"SMART INTERIOR SOLUTION Engineered Wood Study Table, Laptop, Computer Table Desk for Home & Office (Design 2)",,0,0,0,0,0,0,0,,0,
159,B08WCM4VST,LUMI BRATECK Metal Air Lift Hydraulic Height Adjustable Pneumatic Sit Stand Desk | with Adjustable Footrest | Gas Lift Standing Desk| Adjustable Laptop Table for Home | Matte Finish; White,LUMI,0,0,0,"12,299",4.0,46,45,"Thursday, February 17",1,46
160,B096VG9QYJ,Green Soul Involve Multi-Purpose Desk (GT-7) (Black),Quality verified and warranty protected,0,0,0,0,0,0,0,,0,
161,B079F24VZS,"Deckup Uniti Engineered Wood Study Table and Office Desk (Dark Wenge, Matte Finish)",Deckup,0,0,0,"6,499",4.5,762,41,"Monday, February 21",0,762
162,B09P53X462,"GoRogue 2-Shelf Folding Desk for Home, No-Assembly Computer/Study Table with Bookshelf for Small Spaces (Beige)",GoRogue,0,0,0,"4,181",0,0,44,"Tuesday, February 15",1,"₹4,181
₹7,499 Save ₹3,318 (44%)"
163,B09PHPPJZJ,"Rife Dual Motor L-Shaped Standing Desk, Height Adjustable Electric Corner Desk, Home Office Table with Splice Board, Black Frame with Rustic Wooden Tabletop (DML1000)",Rife,0,0,0,"24,999",0,0,29,"Monday, February 14",0,"₹24,999
₹35,000 Save ₹10,001 (29%)"
164,B088NJN2JK,"PRITI 35.4"" Small Desk No-Assembly Folding Computer PC Desk Home Office Desk Laptop Study Writing Table - Rustic Brown and Black",PRITI,0,0,0,"3,299",3.7,18,34,"Wednesday, February 16",1,18
165,B07FVSWD54,"Deckup Turrano Engineered Wood Study Table and Office Desk (Dark Wenge, Matte Finish)",Deckup,0,0,0,"6,499",3.9,795,46,"Monday, February 21",0,795
166,B08QW5KYLK,"The A Table - LAD Workspaces® (Self Assembly) Engineered Wood Study Table, Laptop, Computer Table Desk for Home & Office (White)",The,0,0,0,0,4.4,30,0,,0,30
167,B08CRVG6RG,"ErgoYou - Steel Height Adjustable Table | Manual | 2 Stage | Ergonomic Sit-Stand Desk | Imported | (Powder Coated White Frame, Maple Laminate Table Top, 750 x 1500 mm)",ErgoYou,0,0,0,"27,299",4.6,105,27,"Thursday, February 17",0,105
168,B09MSQR9V6,SOLIDSTONE Multipurpose Engineered Wood Office Table and Study Table (Size- 92x46x75CM) (Pure Brown),SOLIDSTONE,0,0,0,"2,899",3.9,13,59,"Tuesday, February 15",1,13
169,B07YY8SJDF,LUMI JIN Office Sit Stand Desk Converter| Premium Hydraulic Gas Spring Operated Standing Desk Converter| Pneumatic Sit Stand Converter Workstation to be Placed on Top of Desk |Standing Desk,LUMI,0,0,0,"12,500",4.5,48,0,"Thursday, February 17",1,48
170,B0962XGTMW,Woodstage Sheesham Wood Workstation Laptop Office Desk Writing Tables with 4 Drawer Storage for Study Room Home Wooden Furniture Solid Wood Study Table for Students (Brown Finish),Woodstage,0,0,0,"13,149",4.1,75,42,,1,75
171,B08CF3NTK6,QARA Modern Metal Folding Engineered Wood Wall Mounted Study Table (60 cm x 40cm)-White,QARA,0,0,0,"1,595",4.5,661,73,"Wednesday, February 16",1,661
172,B09NPNZHLY,"Anikaa Grady Engineered Wood Study Table, Writing Desk, Computer Desk, Study Desk, Office Desk, Small Office Table, Laptop Table with Drawer, Computer Table (Walnut) (D.I.Y) Matte Finish",Anikaa,0,0,0,"4,524",0,0,72,"Wednesday, February 16",1,"₹4,524
₹15,999 Save ₹11,475 (72%)"
173,B08W2JH3L7,"DFC® Delta Engineered Wood Study Desk (Matte Finish, Dark Wenge)",DFC®,0,0,0,"3,790",3.6,3,5,"Wednesday, February 16",1,3
174,B09QJ2QD6F,WOODBUZZ Eliot Study Laptop Table Desk | for Adults & Kids,,0,0,0,0,0,0,0,,0,
175,B08DYDX35Q,SOS Spacewood LiteOffice Wooden Finish Y Line Desk Home and Office Table Standard (Black),SOS,0,0,0,"3,862",4.0,63,23,,1,63
176,B096MMVZJC,"FURNIZY Sheesham Wood Writing Study Table for Students Solid Wood Laptop Tables for Home Study Room Office Desk Wooden Study Room Furniture (Honey Finish), Large, TWD63",FURNIZY,1,0,0,"11,099",0,0,45,,1,"₹11,099
₹19,999 Save ₹8,900 (45%)"
177,B09J2RX7B9,"Callas Computer Desk Home/Office Desk 29.52 Inch Height Writing Study Desk Modern Simple Desk | Small Desks for Small Spaces | Sturdy Desk for Home, Office, Bedroom, Living Room (Wallnut | CA-ST-02)",Callas,1,0,0,"1,999",3.7,36,50,,0,36
178,B08HHM89DC,"InnoFur Meleti Folding Study Desk,Foldable Office,Adjustable Laptop, Computer,Writing Table Large (White)",InnoFur,1,0,0,"5,989",4.2,105,27,"Mon, 21 Feb, 8:00 am - 5:00 pm",0,105
179,B09QZR1P2F,Streem Sheesham Wooden Finish Study Table with 1 Big Drawer for Students Laptop Office Desk Workstation Writing Tables for Study Room Home Wooden Finish Furniture for Study Room 86 * 50 * 75 cm,Streem,1,0,0,"8,999",0,0,47,"Tuesday, February 22",0,"₹8,999
₹16,999 Save ₹8,000 (47%)"
180,B094R882Q8,"Monarch Elevate Height Adjustable Table Desk | Electric | 3 Stage Dual Bosch Motor | Ergonomic Sit-Stand Solution | Laminate Table Top Desk (1200mm X 600mm X 25mm ) OR (48 Inch X 28 Inch X 1 Inch ) OR (4 Ft X 2.3 Ft), Persian Blue),Load Capacity 120KG,",Monarch,1,0,0,"46,566",4.7,27,5,"Thursday, February 17",0,27
181,B08GLNH3D5,DAINTREE Mango Wood Iron Frame Finish Modern Writing Study Table Office Desk Furniture for Home Study Room Living Room (Natural),DAINTREE,1,0,0,"9,599",4.2,33,13,"Tuesday, February 22",0,33
182,B08GLNCC31,DAINTREE Solid Mango Wood Iron Frame Spotlight Writing Study Table Multipurpose Office Desk for Home Living Room Study Room Furniture (Teak Finish),DAINTREE,1,0,0,"12,699",3.9,10,25,"Tuesday, February 22",0,10
183,B095PQGLKP,Natural Finish Solid Sheesham Wood Writing Study Table for Home and Office with Chair | Study Desk | for Student Work from Home (2 Drawer X),Natural,1,0,0,"8,499",3.0,3,58,"Thursday, March 3",0,3
184,B09BRB4W2K,"The X Table - LAD Workspaces - 5 Feet - Engineered Wood Study Table, Laptop, Computer Table Desk for Home & Office Walnut 5ft",The,0,0,0,0,4.6,99,0,,0,99
185,B015INJ9T6,"Spacewood Winner Engineered Wood Study Desk (Walnut finish,Walnut Rigato)",Spacewood,0,0,0,"8,272",4.0,"1,966",12,"Fri, 11 Feb, 7:00 am - 9:00 pm",0,"1,966"
186,B07TP56NJ8,"Home Centre MDF Laminated Finish Quadro Study Desk - Walnut, Brown",Home,0,0,0,"8,999",4.2,135,59,"Thu, 24 Feb, 7:00 am - 9:00 pm",0,135
187,B074VWJ6MG,"Rife Height Adjustable Electric Standing Desk, 120 by 60 cm Inches Stand up Table, Sit Stand Home Office Desk Black Frame/Rustic Brown Top",Rife,0,0,0,"21,990",4.2,13,27,"Monday, February 14",0,13
188,B08MQXFVJR,"sanisol ERGONORMS Steel; MDF Office Desk; Gaming Table (semi glossy Finish, Black)",sanisol,0,0,0,"11,999",4.6,50,37,"Monday, February 14",0,50
189,B09NWG46BW,"Furlay Multipurpose Wood Finish Study Table Office Desk (100x60x75cm) Sturdy Office Desk Study Writing Table for Home Office (Beige, White Frame)",Furlay,0,0,0,"2,799",0,0,60,"Wednesday, February 16",1,"₹2,799
₹6,999 Save ₹4,200 (60%)"
190,B08DP64J4L,Green Soul Oxford Foldable Space Saving Multi-Purpose Table for Home/Office (Black Maple),Green,0,0,0,0,4.4,103,0,,0,103
191,B09KCK4WRT,"AVANI METROBUZZ Foldable Adjustable Engineered Wood Finish Dining Table, Study Desk Folding Work from Home, Laptop Table, Computer Desk (Beige, Dining Table (3x2Inches) AM10",AVANI,0,0,0,"1,799",3.5,5,57,"Wednesday, February 16",1,5
192,B08HJGDDSK,"Wipro Furniture Arena Wood;Engineering Wood Office Desk; Study Desk(Beech Finish,Beech)",Wipro,0,0,0,"11,759",3.9,103,35,"Fri, 11 Feb, 7:00 am - 9:00 pm",0,103
193,B08731M3VX,"EUREKA ERGONOMIC Alloy Steel Metal Finish Gaming Desk 60"" Home Office Computer Desk, New Polygon Legs Design, Captain Series (60 Inch, Black)",EUREKA,0,0,0,"20,985",4.7,"1,643",19,"Tuesday, February 15",0,"1,643"
194,B08W3D1W4R,Anikaa Calix Engineered Wood Finish Study Desk/Laptop Table with Drawer/Study Table/Computer Table Study Office Laptop Desk for Home Office(White),Anikaa,0,0,0,"4,474",2.9,47,55,"Wednesday, February 16",1,47
195,B07FVR3V87,"Deckup Siena Engineered Wood Study Table and Office Desk (Dark Wenge, Matte Finish)",Deckup,0,0,0,"2,999",4.0,"1,510",45,"Monday, February 21",0,"1,510"
196,B08D3LLJ9M,"JSB Modern Metal, Engineered Wood Powder Coated Folding Laptop Computer Work Writing Table Desk with 8 Hooks, No-Assembly (Small 35.43 x 17.7 x 29.53, White )",JSB,0,0,0,"3,490",3.9,484,30,"Wednesday, February 16",1,484
197,B08WCCLJ9K,"TEKAVO - Home Office Engineered Wood Matte Finish Computer Table Desk Workstation,Desktop PC Table, Gaming Computer Table for Home - Rustic Brown (120x60x76 cm)",TEKAVO,0,0,0,"7,499",4.3,76,56,"Friday, February 25",0,76
198,B08L1BMZWP,Dews Furniture Sheesham Wood Honey Finish with 4 Drawer and 1 Cabinet Computer Laptop Table for Home and Office (Brown ),Dews,0,0,0,0,2.8,2,0,,0,2
199,B08WC85C2D,LUMI BRATECK Manual Height Adjustable Desk | Manual Sit Stand Desk| Portable & Tiltable | Standing Desk| Work from Home Laptop Desk/Table| Mobile Study Table,LUMI,0,0,0,"4,999",4.0,31,56,"Wednesday, February 16",1,31
200,B09JNQ88W6,"CATIVE Multipurpose Study Table, Writing Table, Computer Desk, Office Table, Workstation Table, Laptop Table Size-92x46x75CM, Brown (White)",CATIVE,1,0,0,"3,099",3.9,299,38,"Wednesday, February 16",1,299
201,B07RXXJHDK,"Mr IRONSTONE L-Shaped Desk 59"" Computer Corner Desk, Home Gaming Desk, Office Writing Workstation, Space-Saving, Easy to Assemble (Vintage)",Mr,1,0,0,"14,999",4.6,"6,468",29,"Tuesday, February 15",0,"6,468"
202,B09D6ZC8BB,DOKRI Solid Sheesham Wood Writing Study Table for Students Office Desk with 4 Drawer and 1 Cabinet Storage Wooden Furniture Workstation Laptop Tables for Home Study Room (Honey Finish),DOKRI,1,0,0,"21,899",0,0,22,"Wednesday, March 2",0,"₹21,899
₹27,999 Save ₹6,100 (22%)"
203,B09MNMR6XK,Pelican Essentials Takeshi Desk (4x2 ft) - Baltic Birch & Black Legs,Pelican,1,0,0,"13,500",0,0,3,"Friday, February 11",0,"₹13,500
₹13,900 Save ₹400 (3%)"
204,B09M8QXDTQ,"TEKAVO Office Table, Laptop Table, Computer table for home, Study Table for Adults, Study Tables, Office table for office work, Office Desk, Table for office work, Work from home table - Teak Finish - Jungle Wood",TEKAVO,0,0,0,"5,699",3.6,13,72,"Monday, February 21",0,13
205,B09RH2ZXXV,"Rife Conset (Denmark) Electric Height Adjustable Standing Desk, ROHS Certified Standing Office Computer Desk, 55.1"" x 27.5 Inches Wide Table Top | Silver Frame/Light Maple Tabletop",Rife,0,0,0,"29,100",0,0,42,"Monday, February 14",0,"₹29,100
₹50,000 Save ₹20,900 (42%)"
206,B09KS32BRB,Klaxon Kian Multipurpose Study Desk | Metal & Wooden Laptop Table - Black & Walnut,Klaxon,0,0,0,"3,499",0,0,51,"Wednesday, February 16",1,"₹3,499
₹7,199 Save ₹3,700 (51%)"
207,B08GPKRWRZ,Haryana Mart Engineered Wood Matte Finish Study Table Desk for Home and Office,Haryana,0,0,0,0,4.8,29,0,,0,29
208,B09MJH5KDQ,"Dime Store Portable and Foldable Study Table for Home and Office, Writing Desk, Computer and Laptop Desk, Study Desk Made with Engineered Wood and Powder Coated Finish (Table Desk, Brown)",Dime,0,0,0,"2,999",3.7,13,25,"Wednesday, February 16",1,13
209,B08HV4SSRW,Amazon Brand - Solimo Bolt Engineered Wood Walnut and White Finish Study Desk (Brown),Amazon,0,0,0,"5,499",3.8,149,27,"Fri, 11 Feb, 7:00 am - 9:00 pm",0,149
210,B09R9MYRT7,"Faburaa Venus 36x24 One Side Portable and Foldable Table for Home and Office, Writing Desk, Computer and Laptop, Study Desk (Large, Color - Dark Brown, 2x3ft)",Faburaa,0,0,0,"3,500",0,0,65,"Thursday, February 17",1,"₹3,500
₹10,000 Save ₹6,500 (65%)"
211,B09MTV6X6K,"Furinno Sheesham Wood Drawer Study Table for Home Writing Office Desk Computer Tables (Honey Finish), 33 * 30 * 18 Inch",,0,0,0,0,0,0,0,,0,
212,B09BG74YKN,"Dazel Home Multi Purpose Portable and Foldable Table with Engineered Plywood top and Powder Coated Finish Work from Home, Laptop, or 2 Seater Dining Table Study Table.",Dazel,0,0,0,"1,799",4.1,56,40,"Thursday, February 17",1,56
213,B09KS3K3V7,Klaxon Evan Multipurpose Portable Laptop Study Table Desk with Caster Wheels & Height Adjustable | Bed Side Table for Work from Home & Students (Black & Walnut),Klaxon,0,0,0,"1,899",3.0,5,53,"Sunday, February 27",0,5
214,B09FGQ6H3G,"PRITI Foldable Computer Desk for Small Spaces, Simple Space Saving Home Office Desk, Foldable Computer Table, Laptop Table, Writing Desk, Summary Study Table - White",PRITI,0,0,0,"2,990",4.0,2,36,"Wednesday, February 16",1,2
215,B09MR6BH9W,"VIKI Engineered Wood Desk/Study Table(Suede Finish, Frosty White) KAVINI",,0,0,0,0,0,0,0,,0,
216,B0873158GG,"EUREKA ERGONOMIC Carbon Fibre Plastic Gaming Computer Desk 55"" Home Office Gaming PC Tables New Polygon Finish Legs Design with RGB LED Lights, Colonel Series GIP-55B, Black",EUREKA,0,0,0,"19,299",4.6,841,21,"Friday, February 11",0,841
217,B096NWLJLJ,ERGONORMS Electric Height Adjustable SIT and Stand Desk Table (DIY Assembly) (1200X600X25MM) (Black Board Gray Frame),ERGONORMS,0,0,0,"27,499",5.0,17,21,"Monday, February 14",0,17
218,B09NPZRF2B,"Redwud Grabby Engineered Wood Study Table, Writing Desk, Computer Desk, Study Desk, Office Desk, Small Office Table, Laptop Table with Drawer, Computer Table (Wenge) (D.I.Y) Matte Finish",Redwud,0,0,0,"4,499",0,0,72,"Wednesday, February 16",1,"₹4,499
₹15,999 Save ₹11,500 (72%)"
219,B07GBPXWXH,"InnoFur Aplos Steel Frame and Wooden Top Foldable Multipurpose Computer, Laptop, Study, Work from Home, Dining, Office Table (Brown, Matte Finish, 80cm L x 40cm W x 72cm H)",InnoFur,0,0,0,"4,349",4.3,263,21,"Thursday, February 17",1,263
220,B09582JNX3,"Home Centre Helios Revell Height Adjustable Portable Desk, Walnut, 35 * 23 * 32 Inches",Home,0,0,0,"5,300",0,0,45,"Thu, 24 Feb, 7:00 am - 9:00 pm",0,"₹5,300
₹9,636 Save ₹4,336 (45%)"
221,B08R3JFTSL,"SOFSYS Modern Folding Desk for Small Space, Computer Gaming, Writing, Student and Home Office Organization, Industrial Metal Frame with Premium Desktop Surfaces, Espresso/Black",SOFSYS,0,0,0,"2,699",4.7,"2,091",46,"Wednesday, February 16",1,"2,091"
222,B09QQC6HG7,"Priti-Computer Desk with Hutch and Bookshelf, 47 Inches Home Office Desk with Space Saving Design for Small Spaces (Light Walnut)",,0,0,0,0,0,0,0,,0,
223,B08967CZQM,Wipro Furniture Flexiwork Engineered Wood Metal Office Table and Study Desk-1200 * 600 *740 mm (Walnut Bronze Finish),Wipro,0,0,0,"11,759",4.4,124,38,"Fri, 11 Feb, 7:00 am - 9:00 pm",0,124
224,B07F5X7VS8,InnoFur Meleti Engineered Wood Matte Finish Folding Study Table/Work from Home/Foldable Office Table/Multi Purpose/Adjustable Laptop Table with Shelf (Beige),InnoFur,0,0,0,"4,995",4.4,215,31,"Mon, 21 Feb, 8:00 am - 5:00 pm",0,215
225,B09MR48K9Z,"VIKI Engineered Wood Desk/Study Table(Suede Finish, Frosty White) KUVALI",,0,0,0,0,0,0,0,,0,
226,B095HL1W9R,"Home Centre Helios Wooden Finish Wall Mounted Desk, Brown, 29.52x14.56 x 34.64 Inches (Helios - WFH 1)",Home,0,0,0,"5,350",5.0,1,50,"Thu, 24 Feb, 7:00 am - 9:00 pm",0,1
227,B085386DKL,"Rife Electric Height Adjustable Desk Converter, Home Office Desk X-Lift Structure with 34.6"" Wide Surface for Single and Dual Monitor Setup, Black",Rife,0,0,0,"15,000",4.5,10,37,"Monday, February 14",0,10
228,B096KN5C8W,"Ash & Roh® - Computer Desk Study Writing Table for Home Office, Modern Simple Style PC Desk, Black Metal Frame Workstation, Sturdy Writing Desk with Storage Bag and Hook (30""(H)X40""(W)X19""(D) IN ( BIG))(NATURAL, 40 Inch)",Ash,0,0,0,"3,599",2.7,4,49,"Wednesday, February 16",1,4
229,B09PHJBKSB,"AVANI METROBUZZ Foldable Adjustable Engineered Wood Dining Table, Study Desk Folding Work from Home, Laptop Table, Computer Desk (Beige, Dining Table AMB02 (3x2Inches)",AVANI,0,0,0,"1,799",0,0,44,"Wednesday, February 16",1,"₹1,799
₹3,199 Save ₹1,400 (44%)"
230,B07RJ3BN7L,Ebee Big Size Engineer Wood Foldable Study Desk (Beige),Ebee,0,0,0,"1,614",3.7,"1,165",68,"Wednesday, February 16",1,"1,165"
231,B0999MVVPS,"BLUEWUD Gustowe Engineered Wood Study & Computer Table, Office Desk with Metal Leg - Large (Wenge)",BLUEWUD,0,0,0,"3,699",3.7,11,32,"Wednesday, February 16",1,11
232,B09KS23RWM,Klaxon Eden Multipurpose Desk with Storage | Study Writing Computer Desk Metal Frame and Bookshelf - Black & Walnut,Klaxon,0,0,0,"4,499",0,0,44,"Wednesday, February 16",1,"₹4,499
₹7,999 Save ₹3,500 (44%)"
233,B09NYK36V4,DAS Felip Engineered Wood Study Desk/Table with Book Shelf Frosty White,DAS,0,0,0,"4,199",0,0,52,"Wednesday, February 16",1,"₹4,199
₹8,799 Save ₹4,600 (52%)"
234,B0929CVNF4,"LAD Workspaces® - Ichiban -3 Tier Engineered Wood Finish Study Table, Laptop, Computer Table Desk for Home & Office (White)",LAD,0,0,0,0,4.2,18,0,,0,18
235,B09B5JP81S,"TEKAVO – Double Computer Desk with Storage Shelves, Extra Long Workstation Desk with 4 Storage Shelves, Study Writing Table Desk for Home/Office - Rustic Brown (200x60x75 cm)",TEKAVO,0,0,0,"16,899",3.5,3,56,"Friday, February 25",0,3
236,B08HTXJ4CS,Amazon Brand - Solimo Endeavour Engineered Wood Study Desk (Wenge Finish),Amazon,1,0,0,"2,399",3.9,52,47,"Fri, 11 Feb, 7:00 am - 9:00 pm",0,52
237,B08CZGTT1V,"Furinno Sheesham Wood Writing Study Desk for Home and Office Study Table Computer Desk, Brown & Black",Furinno,1,0,0,"11,398",4.0,"11,544",24,"Saturday, February 19",0,"11,544"
238,B08HKFW2GY,"InnoFur Meleti Folding Study Desk,Foldable Office,Adjustable Laptop, Computer,Writing Table Large (Beige)",InnoFur,1,0,0,"5,989",4.2,105,27,"Mon, 21 Feb, 8:00 am - 5:00 pm",0,105
239,B08QVP86LT,ROUNDHILL Sheesham Wood Reading Writing Study Table Laptop Computer Workstation Desk for Home Office Students with Drawers Storage Desktop Counter Table (Teak Finish),ROUNDHILL,1,0,0,"9,999",4.0,6,38,"Wednesday, February 23",0,6
240,B094R84NC8,"Monarch Elevate Height Adjustable Table Desk | Electric | 3 Stage Dual Bosch Motor | Ergonomic Sit-Stand Solution | Laminate Table Top Desk (1500mm X 700mm X 25mm ) OR (60 Inch X 28 Inch X 1 Inch ) OR (5 Ft X 2.3 Ft), Pastel Orange),Load Capacity 120KG,",Monarch,1,0,0,"47,736",4.7,27,5,"Thursday, February 17",0,27
241,B09R3WP8Y6,"Muraraka Art Solid Sheesham Wood Computer Display Stand Desk Shelf Support, LED Stand, Office Gifts, Office Decoration(Walnut Finish)",Muraraka,1,0,0,"1,550",0,0,52,"Thursday, February 17",0,"₹1,550
₹3,250 Save ₹1,700 (52%)"
242,B08RJG2JPJ,Cherry Wood Engineered Wood Finish Modular Computer Desk I Brown,Cherry,1,0,0,"4,499",2.8,5,55,"Friday, February 18",0,5
243,B09P7F17WW,"AVANI METROBUZZ Foldable Adjustable Engineered Wood Dining Table, Study Desk Folding Work from Home, Laptop Table, Computer Desk (Beige, Dining Table AMB01 (3x2Inches) (Classic)",AVANI,1,0,0,"1,799",3.7,12,44,"Wednesday, February 16",1,12
244,B09Q1BB56Y,ERGOMATE Manual Sit & Stand Desk 1200x600mm | Retractable Crank Handle | Load Capacity 60Kgs | Black Frame -White TT,ERGOMATE,0,0,0,0,5.0,1,0,,0,1
245,B09CQ5MG23,"SYPRAM PRODUCTIONS plyWooden Printer Table - 3 compartments with File Rack Monitor TV Riser Stand, Computer Screen Riser,Desktop Double Tidy Shelf Storage Shelves",SYPRAM,0,0,0,"1,590",0,0,50,"Wednesday, February 16",1,"₹1,590
₹3,180 Save ₹1,590 (50%)"
246,B08QHZ9BK1,"LUMI JIN Office Dual Motor 3 stage Premium Heavy Duty Height Adjustable Table Desk | Electric | 3 Stage Premium Lifting |125 Kg Weight Capacity With Memory Presets ,Child Lock | Dual Motor | Ergonomic Sit Stand Desk | Imported Quality | With 1200*750MM Tabletop",LUMI,0,0,0,"36,500",4.6,20,51,"Saturday, February 19",0,20
247,B08LC5L85T,"SOS Space Wood Lite Finish Office Xeta Multipurpose Workstation Desk Home and Office Table - (White, Standard Size)",SOS,0,0,0,"9,492",4.1,68,28,"Fri, 11 Feb, 7:00 am - 9:00 pm",0,68
248,B086YVFJNG,"Klaxon Engineered Wood, Matt Finish Scarlet Study Table/Laptop/Computer Table Desk for Home & Office (Asian Walnut, Set of 1)",Klaxon,0,0,0,"3,599",3.7,85,55,"Sunday, February 13",1,85
249,B099PT7784,"Tablewala White Desk for Study, Reading, Writing Table for Home / Office Made of Engineered Wood and Stainless Steel Square Legs (Matt White)",Tablewala,0,0,0,"5,999",5.0,2,60,"Thursday, February 17",0,2
250,B08CGYRPYM,"A10SHOP Helios T100 Modern Home Office PC/Computer/Laptop Desk and Study Writing Table, Black Frame (100 cm x 50 cm, Misty Oak)",A10SHOP,0,0,0,"5,495",3.9,172,39,"Wednesday, February 16",1,172
251,B093S82Y11,Amazon Brand - Solimo Amaree Engineered Wood Study Table (Blue & Pine Finish),Amazon,0,0,0,"3,899",3.7,5,74,"Fri, 11 Feb, 7:00 am - 9:00 pm",0,5
252,B08KQ9XFSJ,"Kawachi Engineered Wood Finish Computer Desk Writing Study Table with 4 Tier Bookshelves for Home, Office, Compact PC Workstation Beige",Kawachi,0,0,0,"5,990",3.6,35,6,"Thursday, February 17",1,35
253,B08YNJM637,LUMI Heavy Duty Premium Sit Stand Desk Converter| Standing Desk Converter | Stand Up Desk Converter Workstation| Height Adjustable Standing Workstation| Imported Quality,LUMI,0,0,0,"13,800",4.7,7,39,"Saturday, February 19",0,7
254,B096R2WBHM,"Ikea MALM Desk,140x65 cm (55 1/8x25 5/8"") (White)",Ikea,0,0,0,"18,185",4.5,5,0,"Thursday, February 17",0,5
255,B08J3VVRHG,Spacecrafts Work From Home Folding Wooden Computer Laptop Study Office Table Desk (Wenge),Spacecrafts,0,0,0,"2,100",3.7,13,45,"Wednesday, February 16",0,13
256,B09NRDWS65,"AVANI METROBUZZ Foldable Adjustable Engineered Wood Dining Table, Study Desk Folding Work from Home, Laptop Table, Computer Desk ASM01",AVANI,0,0,0,599,0,0,73,"Wednesday, February 16",1,"₹599
₹2,199 Save ₹1,600 (73%)"
257,B082TPCC7V,"Mr IRONSTONE L-Shaped Desk 59"" Computer Corner Desk, Home Gaming Desk, Office Writing Workstation, Space-Saving, Easy to Assemble(White Marble)",Mr,0,0,0,"14,999",4.6,"6,468",25,"Tuesday, February 15",0,"6,468"
258,B09CDPLMSL,WOODSPA Wall Mounted Foldable Computer Laptop Desktop Study Desk Big Size for Home Office Work Multipurpose Wooden Portable Dinning Table Bracket Folding Engineered Wood Ironing Board 60 x 40 x 25 cm,WOODSPA,0,0,0,"1,699",3.8,5,69,"Thursday, February 17",1,5
259,B08J79BRK8,Kawachi Engineered Wood Laptop Table Computer Desk for Writing Study for Home & Office Use Beige,Kawachi,0,0,0,"2,990",4.5,2,47,"Thursday, February 17",1,2
260,B09RJJ35MZ,MURARAKA Art Sheesham Wood Writing Study Desk Computer Table for Home and Office with 3 Drawer and Cabinet (Honey Finish),MURARAKA,1,0,0,"9,000",0,0,50,"Thursday, February 17",0,"₹9,000
₹18,000 Save ₹9,000 (50%)"
261,B09RJHP9DP,MURARAKA Art Sheesham Wood Writing Study Desk Computer Table for Home and Office with 3 Drawer and Cabinet (Walnut Finish),MURARAKA,1,0,0,"9,999",0,0,38,"Thursday, February 17",0,"₹9,999
₹16,000 Save ₹6,001 (38%)"
262,B08G1C8BZ7,Aasaliya Art Solid Sheesham wood Study Desk Writing Study Table Laptop Computer work study Desk for Home Living Room Office | Console Table (Natural Finish |table sheesham | sheesham wood study table | tables | bed table for laptops and study desk table| foldable study table kids study table |laptop table wooden table for living room study desk |study table for student kids foldable wood table for home,Aasaliya,1,0,0,"12,222",4.4,31,44,"Wednesday, March 2",0,31
263,B0957RW3Y1,Natural Finish Solid Sheesham Wood Writing Study Table for Home and Office | Study Desk | for Student Work from Home (Single Drawer),Natural,1,0,0,"7,999",4.6,3,60,"Monday, February 21",0,3
264,B09B5HLH31,"TEKAVO – 4 Tier Computer Desk with Six Storage Shelves, Study Table for Home/Office - 120x60x120 cm",TEKAVO,0,0,0,0,4.2,14,0,,0,14
265,B074KDHSQL,Anikaa Alca Engineered Wood Folding Study Table/Laptop Table/Wall Mounted Shelf/Study Desk/Computer Table Study Office Laptop Desk for Home Office (Wenge) (Size:76x50x1.7cm),Anikaa,0,0,0,"2,374",4.4,82,66,"Wednesday, February 16",1,82
266,B096R2MCN6,Home Centre Quadro Nxt Cosco Study Desk,Home,0,0,0,"7,036",3.7,52,40,"Thu, 24 Feb, 7:00 am - 9:00 pm",0,52
267,B08DP323GC,Gamdias Daedalus M2 RGB Carbon Fiber Surface Gaming Desk with Remote Control Built-in 15 Lighting Effects Two RGB Light Strips with Cup and Headset Holder Design - Black & Red,Gamdias,0,0,0,"23,898",5.0,1,19,"Friday, February 11",0,1
268,B00HUAV9IA,"Ikea Micke ABS Plastic Finish Workstation Desk (Black-Brown, 1.42x0.5m, 55 7/8x19 5/8"")",Ikea,0,0,0,"10,950",3.9,20,16,"Friday, February 18",0,20
269,B08QW42B7H,"LAD Workspaces Powder Coated Mild Steel Engineered Wood Study Table, Laptop, Computer The L Table Desk for Home and Office, Walnut Finish",LAD,0,0,0,0,4.5,99,0,,0,99
270,B09LVKJGNY,"Shri Mintu Art Wooden Writing Study Desk Table for Students & Adults | Foldable Workstation Laptop Table | Folding Work from Home Table | Sheesham Wood, Teak Brown",Shri,0,0,0,"5,150",4.9,12,36,"Saturday, February 26",0,12
271,B08F3T9MM4,"Portable Foldable Wall Mounted Laminated Wooden Study Table Desk for Kids ( Small, Smoke White)",Portable,0,0,0,"1,499",3.7,47,35,"Thursday, February 17",0,47
272,B09NPPN4VL,"Anikaa Grady Engineered Wood Study Table, Writing Desk, Computer Desk, Study Desk, Office Desk, Small Office Table, Laptop Table with Drawer, Computer Table (White) (D.I.Y) Matte Finish",Anikaa,0,0,0,"4,524",2.0,1,72,"Wednesday, February 16",1,1
273,B09PJN7HSC,"Isomars Multipurpose Laptop Table Study Desk, Caster Lockable Wheels, & Height Adjustable for Breakfast Table, Work from Home & Online Classes - Length - 50cm, Breadth - 35cm,Mouse board 35.5cm x 20cm(Black)",Isomars,0,0,0,"4,399",4.4,18,32,"Wednesday, February 16",1,18
274,B083STHD1J,"InnoFur Aplos Folding Desk, Study, Laptop,Sewing,Writing, Work from Home, Multipurpose Table (Beige, Matte Finish, 100cmL X 60cmW X 72cmH)",InnoFur,0,0,0,"5,299",4.3,53,29,"Thursday, February 17",1,53
275,B08CDLW663,"Home Centre Engineered Wood Study Desk(Walnut Finish,Brown)",Home,0,0,0,"5,733",3.1,10,60,"Thu, 24 Feb, 7:00 am - 9:00 pm",0,10
276,B088PP5VMV,"EUREKA ERGONOMIC Metal Finish L Shape Computer Simple PC Gaming Table Desk with Cable Management System Large Mouse Pad for Home Office, (Black, 60 Inch)",EUREKA,0,0,0,"17,799",4.6,346,1,"Saturday, February 12",0,346
277,B08L6ND1NS,"Fusion Furnish Premium Engineered Wood Study Desk (Laminated Finish, WENGE)",Fusion,0,0,0,"13,218",4.5,91,38,"Wednesday, February 23",0,91
278,B07HQPQDT8,"Tribesigns Computer Desk with Hutch and Bookshelf, 47 Inches Home Office Desk with Space Saving Design for Small Spaces, Retro Brown",Tribesigns,0,0,0,0,4.6,"2,259",0,,0,"2,259"
279,B08RCK47TB,HEERA MOTI CORPORATION Desks/Workstations/Computer Table/Study Table/Chowki/Bajot/Wooden Work Pata/Patla(Finish :-Wange Matt),HEERA,0,0,0,999,4.5,5,33,,1,5
280,B09PBFFSDM,"DeckUp Plank Cannes Engineered Wood Study Table and Office Desk (Wotan Oak and White, Matte Finish)",DeckUp,0,0,0,"4,299",4.2,287,46,"Monday, February 21",0,287
281,B08QFZ3YV3,"HNI India STAVA Pre Laminated Particle Board Office Desk (Thansau Maple) - 1200 MM (120 x 60 x 74.5 CM) | Modular Workstation Furniture, Wooden Top Metal Framed Steel Support For Computer Working At Home with Angular Legs",HNI,0,0,0,"8,460",4.6,14,56,"Saturday, February 19",0,14
282,B09MHT33M4,"TEKAVO - Computer Desk, 150 cm L-Shaped Corner Desk with Monitor Stand, Study Writing Workstation for Home Office, Gaming, Rustic Brown",,0,0,0,0,0,0,0,,0,
283,B084Z4TBMS,"Spacecrafts Wooden Wall Mounted Laptop Table for Study Office Desk (Walnut Finish , Brown )",Spacecrafts,0,0,0,"2,799",3.2,7,30,"Wednesday, February 16",0,7
284,B09HM9P1BP,"IRIS Laptop Desk with Bookshelf, Wood PC Laptop Workstation, Study Writing Table with Metal Frame for Home, Office and Study Room",IRIS,0,0,0,"3,999",3.0,1,50,"Wednesday, February 16",1,1
285,B09Q31MTF1,Decorworlds Solid Sheesham Wood Study Table for Study Room | Drawing Room | Living Room | Sheesham Wood Study Table | Laptop Desk | Computer Table | (Natural Brown Finish),Decorworlds,0,0,0,"6,499",5.0,1,48,"Tuesday, February 15",0,1
286,B07Y6GHM3C,Asha Furniture Wood Finish Office Desk with Drawers and Storage (White and Black),Asha,0,0,0,0,3.8,44,0,,0,44
287,B08BK22CNB,"ETTOREZ Multi-Purpose Computer Folding Table 2-Style Folding Desk for Small Space Study Desk, Adjustable Portable Study Table Home Office Desk Simple Laptop Writing Table (WFH)",ETTOREZ,0,0,0,"4,799",4.4,81,52,"Wednesday, February 16",1,81
288,B098L9S8TY,"IKEA Modish Desk with Drawer/Cable Outlet - White 73x50 cm (28 3/4x19 5/8"") by STOCKLAND",IKEA,0,0,0,"7,949",0,0,21,"Thursday, February 17",0,"₹7,949
₹9,999 Save ₹2,050 (21%)"
289,B08RJ1TR9X,Santosha Decor Engineered Wood Modular Computer Desk I Brown,Santosha,0,0,0,"4,499",0,0,50,"Friday, February 18",0,"₹4,499
₹8,999 Save ₹4,500 (50%)"
290,B08XNNTQPH,"Indian Armar Multipurpose Engineered Wood Study Desk (Wenge finish,Black)",Indian,0,0,0,"1,799",3.7,96,55,"Thursday, February 17",1,96
291,B09R21WR84,"BI3 Bade Large Size top Steel Wood 60 * 45 * 75 cm Multipurpose Laptop Table with footrest 5 Heights 3 Angles Adjustable, Study, Kids, Office and Dinning Table (Aqua Blue Color)",BI3,0,0,0,"2,290",4.5,28,34,"Wednesday, February 16",1,28
292,B09BX7P16H,"HNI India RATEO Ergonomic Desk Table Executive, Home Study & Office Work Desk | 25 mm Wooden top, Powder Coated Metal Finish Tubular Legs, A shaped - Q96-Silver LMX, 1200 x 525 x 715 MM",HNI,0,0,0,"7,065",5.0,1,54,"Saturday, February 19",0,1
293,B093S636K5,Amazon Brand - Solimo Jamieson Engineered Wood Study Table (Wenge Finish),Amazon,0,0,0,"4,699",2.0,1,69,"Fri, 11 Feb, 7:00 am - 9:00 pm",0,1
294,B0957DYC3S,Dantawood Living Multipurpose Foldable Study Desk Portable Wooden Utility Laptop Table for Adults & Kids Bedside Drawing Room Home d?cor with Mate Finish; Brown (Pinewood Folding Study Table)[Dimensions W x H x D (cm) 92 x 76 x 43],Dantawood,0,0,0,"5,449",3.3,6,32,"Saturday, February 19",0,6
295,B09P8VWKJ1,"Beachwood Multifunctional Wooden Study Table/Writing Reading Table/Laptop Computer Desk for Home Office with Open Shelves/Study Desk (103L x 40B x 70H Centimetres, Walnut Finish White)",Beachwood,0,0,0,"3,849",0,0,52,"Thursday, February 17",0,"₹3,849
₹7,999 Save ₹4,150 (52%)"
296,B082TPCC7V,"Mr IRONSTONE L-Shaped Desk 59"" Computer Corner Desk, Home Gaming Desk, Office Writing Workstation, Space-Saving, Easy to Assemble(White Marble)",Mr,1,0,0,"14,999",4.6,"6,468",25,"Tuesday, February 15",0,"6,468"
297,B09RJKTZLD,MURARAKA Art Sheesham Wood Writing Study Table for Home Modern Office Desk 2 Drawer and 1 Cabinet (Walnut Finish),MURARAKA,1,0,0,"18,000",0,0,36,"Thursday, February 17",0,"₹18,000
₹28,000 Save ₹10,000 (36%)"
298,B08FDVZ97L,"FURNIZY Sheesham Wood Folding Leptop Desk Rivel Study Table for Study Room Home Office (Teak Finish), Standard (TWD48)",FURNIZY,1,0,0,"6,999",3.5,13,65,,1,13
299,B07ZYYJDMF,"G Fine Furniture Wooden Study Desk with 3 Drawer Storage for Study Room and Office | Mango Wood, Black & Natural Finish",G,1,0,0,"15,001",4.5,163,22,,1,163
300,B094R91DTR,"Monarch Elevate Height Adjustable Table Desk | Electric | 3 Stage Dual Bosch Motor | Ergonomic Sit-Stand Solution | Laminate Table Top Desk (1200mm X 600mm X 25mm ) OR (48 Inch X 28 Inch X 1 Inch ) OR (4 Ft X 2.3 Ft), Olive),Load Capacity 120KG",Monarch,1,0,0,"46,566",4.7,27,5,"Thursday, February 17",0,27
301,B0962XGTMW,Woodstage Sheesham Wood Workstation Laptop Office Desk Writing Tables with 4 Drawer Storage for Study Room Home Wooden Furniture Solid Wood Study Table for Students (Brown Finish),Woodstage,1,0,0,"13,149",4.1,75,42,,1,75
302,B08PVV1GTZ,DAINTREE Sheesham Wood Iron Frame Study Table Desk Multipurpose Furniture for Living Room Home Office (Black & Walnut),DAINTREE,1,0,0,"9,920",4.6,3,23,"Tuesday, February 22",0,3
303,B08BFDSLKB,Woodstage Solid Sheesham Wood Writing Study Table with Chair for Students Computer Tables Office Desk with 3 Drawer and Cabinet Storage for Home Study Room Library Wooden Furniture (Walnut Finish),Woodstage,1,0,0,"15,999",4.4,7,37,,1,7
304,B09M77RM5Q,"Furnaco® Bed Folding Wall Mounted Study Desk, Foldable Laptop/Office Table (18 Inch X 30 Inch) (Brown)",Furnaco®,0,0,0,"1,999",5.0,1,60,"Thursday, February 17",0,1
305,B07XNXJWLC,"L Shaped Desk Corner Computer Desk Sturdy Computer Table Writing Desk Gaming Desk Workstation, Black",L,0,0,0,0,4.4,"2,451",0,,0,"2,451"
306,B09RF34R82,"Digital Shoppy Desk, Black-Brown, 73x50 cm (28 3/4x19 5/8"")",Digital,0,0,0,"7,999",0,0,20,"Thursday, February 17",1,"₹7,999
₹9,999 Save ₹2,000 (20%)"
307,B085W7Z88D,"Deckup Bonton Engineered Wood Study Table and Office Desk (Walnut, Matte Finish)",Deckup,0,0,0,"3,699",4.2,"1,256",47,"Monday, February 21",0,"1,256"
308,B07QMX8FDQ,"InnoFur Aplos Floor Sitting Desk/Laptop Table/Study Desk/Utility Table (Standard, White)",InnoFur,0,0,0,"4,499",4.5,9,44,"Tuesday, February 15",0,9
309,B08TWCTBLK,"STAR WORK - Engineered Wood Modern Simple Powder Coated Computer Study Writing Table Desk with 2 Hooks, Storage Bag and Black Metal Frame (30""(H) X40(W) X19(D) in, Beige, 1 Layer Walnut)",STAR,0,0,0,"3,490",3.3,110,42,"Wednesday, February 16",1,110
310,B0925VZCRC,"Kawachi Engineered Wood Finish 47 Inch Writing Study Table Computer Desk with 4 Tier Bookshelf for Home, Office, Multipurpose Compact PC, Gaming Workstation Intel Beige",Kawachi,0,0,0,"5,990",3.2,11,6,"Thursday, February 17",1,11
311,B09NC49D47,"Klaxon Doug Wood & Metal Study Table, Laptop, Computer Table Desk - Asian Walnut & Black",Klaxon,0,0,0,"3,499",3.0,2,51,"Sunday, February 27",0,2
312,B0882T8XFJ,"Teraves Computer Desk/Dining Table Office Desk Sturdy Writing Workstation for Home Office (39.37“, White+Golden Frame)",Teraves,0,0,0,0,4.7,"2,800",0,,0,"2,800"
313,B087324DCN,"EUREKA ERGONOMIC Carbon Fiber Storage Capacity Colonel Series MGD-02 Home Office Desks PC Tables Gaming Computer Desk with RGB LED Lights, Black, 43 inch",EUREKA,0,0,0,"24,994",4.5,168,22,"Monday, February 14",0,168
314,B09NQ3PKFY,"Redwud Westie Engineered Wood Study Table, Writing Desk, Computer Desk, Study Desk, Office Desk, Small Office Table, Laptop Table with Drawer, Computer Table (Wenge) (D.I.Y) Matte Finish",Redwud,0,0,0,"3,389",0,0,79,"Wednesday, February 16",1,"₹3,389
₹15,999 Save ₹12,610 (79%)"
315,B08HTY8TMR,Amazon Brand - Solimo Endeavour Engineered Wood Walnut Finish Study Desk (Brown),Amazon,0,0,0,"2,399",4.0,48,47,"Fri, 11 Feb, 7:00 am - 9:00 pm",0,48
316,B094XV87P2,"Ash & Roh® - Computer Desk 32"" Inch Study Writing Table for Home Office, Modern Small Space Simple Style PC Work Desk (Vintage Wood, 76(H) X80(W) X48(D) cm) (Dusty Wood, 76(H) X100(W) X48(D) cm)",Ash,0,0,0,"3,989",3.4,13,56,"Wednesday, February 16",1,13
317,B08CSH1M9J,"ErgoYou | Steel - Height Adjustable Table | Electric | 2 Stage | Dual Motor | Ergonomic Sit-Stand Desk | Imported | (Maple Laminate Table Top, 750 x 1500 mm)",ErgoYou,0,0,0,"38,799",4.7,149,23,"Thursday, February 17",0,149
318,B096PM7QL2,Kawachi Engineered Wood Finish Work from Home Laptop Table Computer Desk and Writing Study Table with Printer Book Shelf for Home & Office Use (Beige),Kawachi,0,0,0,"4,990",3.2,9,38,"Thursday, February 17",1,9
319,B0993QYMZK,Kawachi Wooden Finish Work from Home Laptop Table Computer Desk and Writing Study Table with Printer Book Shelf for Home & Office Use Brown,Kawachi,0,0,0,"4,999",3.6,11,40,"Thursday, February 17",1,11
320,B09MNMG6BF,Pelican Essentials Takeshi Desk (4x2 ft) - Solid Teak & Black Legs,Pelican,1,0,0,"18,900",0,0,0,"Friday, February 11",0,"₹18,900"
321,B08DLQ48HJ,"G Fine Furniture Wooden Finish Writing Desk for Study Room Table for Adults | Study Table for Home and Office with 1 Drawer & Shelf Storage | Sheesham Wood, Natural Brown",G,1,0,0,"12,550",4.5,163,28,,1,163
322,B09MNNJPZ5,Pelican Essentials Takeshi Desk (4x2 ft) - Solid Teak & White Legs,Pelican,1,0,0,"18,900",0,0,0,"Friday, February 11",0,"₹18,900"
323,B09N1CSGHF,ROUNDHILL Solid Sheesham Wood Writing Study Table for Students with 4 Drawer and 1 Door Cabinet Storage Laptop Office Desk Wooden Furniture for Study Room Home Office (Walnut Finish),ROUNDHILL,1,0,0,"18,499",0,0,36,"Saturday, February 19",0,"₹18,499
₹28,999 Save ₹10,500 (36%)"
324,B09QD7Z9YK,"Ergologic - Height Adjustable Table | Motorized & Electric | Dual Motor | 3-Stage | Ergonomic Sit Stand Desk | 120KG Weight Capacity | TiMOTION Motors | (Only Frame, No Table Top)",Ergologic,0,0,0,"32,500",0,0,28,"Tuesday, February 15",0,"₹32,500
₹45,000 Save ₹12,500 (28%)"
325,B09RN37WHG,GENERIC SELVMA FURNITURES Study Table |size2x1.25x2.5 |Color wenge |Material Particle Board|Study Desk with Drawers Storage for Home & Schools,,0,0,0,0,0,0,0,,0,
326,B09KS2PR7K,Klaxon Ryan Multipurpose Study Desk with Book Shelf | Metal & Wooden Finish Laptop Gaming Table - Black & Walnut,Klaxon,0,0,0,"4,299",4.0,2,51,"Wednesday, February 16",1,2
327,B08LDX6GG3,Kawachi Multipurpose Engineered Wood Finish Computer Desk Laptop Writing Study Table for Home & Office Use Beige,Kawachi,0,0,0,"2,990",3.8,9,47,"Thursday, February 17",1,9
328,B09RM1DN6H,GENERIC SELVMA FURNITURES Study Table |size2x1.25x2.5 |Color Mahagony |Material Particle Board|Study Desk with Drawers Storage for Home & Schools,,0,0,0,0,0,0,0,,0,
329,B08HHD1NNK,"Wipro Furniture Octane Engineered Wood;Metal Office Desk; Study Desk(Walnut Finish,Dark Walnut)",Wipro,0,0,0,"10,499",3.7,26,30,"Fri, 11 Feb, 7:00 am - 9:00 pm",0,26
330,B08GCZJFYV,"Compal Folding Shelf/Table Brackets, Max Load 440lb Folding Shelf Hinge Wall Mounted, Heavy Duty Powder Coated Finish Steel Collapsible Shelf Bracket Table Bracket (16""X24"" inches)",Compal,0,0,0,"1,599",4.5,"1,657",68,"Thursday, February 17",0,"1,657"
331,B09RN1Y9KQ,GENERIC SELVMA FURNITURES Study Table Set |size2x1.25x2.5 |Color Beech|Material Particle Board|Study Desk with Drawers Storage for Home & Schools,,0,0,0,0,0,0,0,,0,
332,B07MVV32GW,"InnoFur Meleti Engineered Wood Finish Folding,Multi Purpose, Study, Adjustable Portable, Work from Home, Laptop, Computer, Writing, Dining, Utility Table with Bookshelf, Cup Holder (White)",InnoFur,0,0,0,"4,989",4.2,184,32,"Thursday, February 17",1,184
333,B09B6DQYXH,"TEKAVO - L Shape corner computer Desk with Storage,Computer table for two Person ,Laptop Study table writing Workstation Office Table for Home Office ,Large Gaming Table Desk for Adult, Office desk for Home, Reversible- 240 Cm total length, Rustic Brown Color",TEKAVO,0,0,0,"15,099",3.6,4,60,"Friday, February 25",0,4
334,B08XPJJVR3,"WUDZEST Engineered Wood Study Table, Laptop, Computer Desk for Home & Office Desk (Matte Finish) (Large) (Wenge)",WUDZEST,0,0,0,"2,999",3.6,11,50,"Tuesday, February 15",1,11
335,B099KMYZJL,Blumuno Study desk / multipurpose table / computer desk / desk table / work desk / foldable table / wfh essential (Natural Wooden Finish),Blumuno,0,0,0,"2,799",5.0,2,30,"Thursday, February 17",1,2
336,B08GSSR86J,"Puffin Wooden Folding Computer Table for Laptop Study, Home Desk, Office Desk, Standard Matt Finish Acacia Light Color",Puffin,0,0,0,"3,250",0,0,35,"Wednesday, February 16",1,"₹3,250
₹4,999 Save ₹1,749 (35%)"
337,B09NYDP4F2,Luxury Office Table Desk Cum Study Table sheesham Color with Two Lock System,,0,0,0,0,0,0,0,,0,
338,B07MYFY824,Driftingwood Sheesham Wood Writing Study Table for Home and Office with Chair | Study Desk | Natural Honey Finish,Driftingwood,0,0,0,"13,999",4.1,246,48,,1,246
339,B09R7SGSXD,Wood Computer Table Desk for Home & Office by Woodcon Furnifab pre-Laminated,Wood,0,0,0,"7,850",0,0,13,"Friday, February 11",0,"₹7,850
₹9,000 Save ₹1,150 (13%)"
340,B099ZM4RHB,"LushTree L Shaped Professional Computer Table with Round Corner & Monitor Stand (Black , Wood , Matte Finish)",LushTree,0,0,0,"8,999",3.9,7,25,"Thursday, February 17",1,7
341,B08TRF7LJH,Gracious Mart - Double Layer Computer Desk Folding Table No-Assembly Modern Desk for Small Spaces Study Writing Desk with Storage Shelf Desks for Home Office - [Walnut | Pack of 1],Gracious,0,0,0,"3,999",2.9,43,50,"Wednesday, February 16",1,43
342,B09NC3VG15,"Klaxon Emma Wood & Metal Home Office Computer Desk, Storage Shelf, 2-Tier Industrial Morden Laptop Table with Splice Board, 40 inches - Asian Walnut & Black",Klaxon,0,0,0,"3,325",3.0,2,50,"Sunday, February 27",0,2
343,B08Q3WGTMR,"PRITI Folding Computer Desk for Small Spaces, Simple Space-Saving Office Desk, Foldable Computer Table, Laptop Table, Writing Desk, Compact Study Reading Table (White)",PRITI,0,0,0,"2,999",3.4,24,23,"Wednesday, February 16",1,24
344,B09GYHHLP3,CATIVE Multipurpose Engineered Wood Finish Office Table Computer Desk (100x60x75cm) Modern Sturdy Office Desk PC Laptop Study Writing Table for Home Office (White & Black),CATIVE,0,0,0,"2,499",3.0,4,50,"Wednesday, February 16",1,4
345,B091YNDVGG,"EUREKA ERGONOMIC Dual Motor Height Adjustable Electric Standing Desk for Gaming and Home Office, 60 Inch L Shaped Corner Computer Gaming Desk, Black",EUREKA,0,0,0,"37,999",4.5,31,17,"Tuesday, February 15",0,31
346,B08H598D1M,"Kawachi Engineered Wood and Metal Finish Computer Desk Writing Study Table with 4 Tier Bookshelves for Office, Home, Multipurpose Compact PC Workstation Oak Brown",Kawachi,0,0,0,"5,990",4.0,77,6,"Thursday, February 17",1,77
347,B07JFP8JJS,"Zinus Jennifer Modern Studio Collection Soho Rectangular Dining Table / Table Only /Office Desk / Computer Table, Espresso",,0,0,0,0,0,0,0,,0,
348,B09K43JN4G,Hand Made Wall Hanging Table/Folding Table/Wall-Mounted Computer Table/Desk Wall Table Study Table/Double Support Side Table (23 inch x 16 inch) (4kg Weight) Heavy Duty - by Planet Noah-03,Hand,0,0,0,"1,685",0,0,58,"Wednesday, February 16",0,"₹1,685
₹3,999 Save ₹2,314 (58%)"
349,B09FLVKNNY,"Staranddaisy Modern Computer Folding Desk with Small Written Space and self Storage Drawer for Student (Walnut Brown, 100x50)",Staranddaisy,0,0,0,"2,999",2.7,29,57,"Saturday, February 19",1,29
350,B09Q6D5BBV,BLUEWUD Efflino Engineered Wood Study Table Desk - Large (Wenge & White),BLUEWUD,0,0,0,"3,999",0,0,20,"Wednesday, February 23",0,"₹3,999
₹4,999 Save ₹1,000 (20%)"
351,B07SXRXK9Y,"LINNMON/ADILS Table, White, 1x0.6 m (39 3/8x23 5/8"")",LINNMON/ADILS,0,0,0,"4,999",3.6,15,17,"Friday, February 11",0,15
352,B0957SNM38,"Generic Sheesham Study Desk;Office Desk (Glossy Finish, Honey Brown )",Generic,0,0,0,"9,999",4.3,5,50,"Monday, February 21",0,5
353,B09QL2YBD5,"BLUEWUD Gustowe Engineered Wood Study & Computer Table, Office Desk with Metal Leg - Standard (White)",BLUEWUD,0,0,0,"2,799",0,0,42,"Monday, February 21",0,"₹2,799
₹4,799 Save ₹2,000 (42%)"
354,B09P11GPQR,"Istara Plastic Desk Top Computer Monitor Stand with Drawers Shelf Stationery Storage Rack | Desktop PC Screen Riser Stand for Home, Office (Multicolor)",Istara,0,0,0,"1,489",0,0,50,"Wednesday, February 16",1,"₹1,489
₹2,999 Save ₹1,510 (50%)"
355,B09Q31SCG2,Decorworlds Solid Sheesham Wood Writing Study Desk for Study Room | Computer Table for Home and Office with 1 Drawer |Study Table | Laptop Desk | Computer Table | (Honey Finish) |,Decorworlds,0,0,0,"6,999",0,0,33,"Tuesday, February 15",0,"₹6,999
₹10,429 Save ₹3,430 (33%)"
356,B0925VZCRC,"Kawachi Engineered Wood Finish 47 Inch Writing Study Table Computer Desk with 4 Tier Bookshelf for Home, Office, Multipurpose Compact PC, Gaming Workstation Intel Beige",Kawachi,1,0,0,"5,990",3.2,11,6,"Thursday, February 17",1,11
357,B07ZX12RCR,JGS Iron Frame Solid Wooden Finish Writing Study Table for Students Office Desk Computer Table Console Tables Furniture for Home Living Room,JGS,1,0,0,"7,989",4.2,69,33,,1,69
358,B09HW3BVN8,"AVANI METROBUZZ Foldable Adjustable Engineered Wood Finish Dining Table, Study Desk Folding Work from Home, Laptop Table, Computer Desk (Beige, Dining Table (Black-1)",AVANI,1,0,0,"1,799",3.6,31,57,"Wednesday, February 16",1,31
359,B09B2FDP9D,"DecorMaster Multipurpose Foldable Study Table, Office Table, Laptop Table, Computer Table, Workstation Table, Computer Desk, Study Desk, Office Desk, Writing Table, Work from Home Table, Brown Size-92x46x75CM (DM-3A)",DecorMaster,1,0,0,"3,399",3.9,423,46,"Tuesday, February 15",1,423
360,B094RC4Q8T,"Monarch Elevate Height Adjustable Table Desk | Electric | 3 Stage Dual Bosch Motor | Ergonomic Sit-Stand Solution | Laminate Table Top Desk (1500mm X 700mm X 25mm ) OR (60 Inch X 28 Inch X 1 Inch ) OR (5 Ft X 2.3 Ft), Everest White),Load Capacity 120KG,",Monarch,1,0,0,"47,736",4.7,27,5,"Thursday, February 17",0,27
361,B08BFRHXVT,Woodstage Solid Sheesham Wood Laptop Writing Tables Office Desk with 2 Drawer and Shelf Storage for Home Study Room Library Wooden Living Room Furniture Study Table for Students (Honey Finish),Woodstage,1,0,0,"11,897",5.0,3,8,,1,3
362,B09KCHKP23,"AVANI METROBUZZ Foldable Adjustable Engineered Wood Finish Dining Table, Study Desk Folding Work from Home, Laptop Table, Computer Desk (Beige, Dining Table (Black-AM)",AVANI,1,0,0,"1,799",3.6,31,57,"Wednesday, February 16",1,31
363,B08RHX78G5,Cherry Wood Engineered Wood Finish L Shaped Study Table I Color - Brown,Cherry,1,0,0,"6,999",5.0,1,30,"Friday, February 18",0,1
364,B09G9CLP43,"Furnifry Multipurpose Wall Mounted Home Office Computer Desk/Study Writing Table Desk with Wooden Shelf and 2 Drawers/Morden Laptop Table/Floating Work Study Desk (24 x 8 x 4.5 inches, White)",Furnifry,0,0,0,"1,399",3.6,4,53,"Thursday, February 17",1,4
365,B09RWN7NQ4,Livzing Multipurpose Foldable Desk Table - Wooden 4 Seater Dining Table – Powder Coated Metal Ironing Table for Home – Portable Laptop Table - Study Table for Work from Home - Brown,Livzing,0,0,0,"2,499",0,0,29,"Friday, February 18",1,"₹2,499
₹3,499 Save ₹1,000 (29%)"
366,B091HL3SJF,Wiseart Automatic Elevate Height Adjustable Table Desk Electric (600x1200) with 3 Stage Dual Motor touch control and White Laminated Wood Tabletop with Sandune Fabric Pin up Board and Black Metal Frame,Wiseart,0,0,0,"41,999",5.0,10,9,"Friday, February 11",0,10
367,B09PJHVHHV,"PRITI - No-Assembly Folding Desk, Study Table, Computer Table. Work from Home Table- (Brown)",PRITI,0,0,0,"3,299",0,0,11,"Wednesday, February 16",1,"₹3,299
₹3,699 Save ₹400 (11%)"
368,B08HZF69M5,"Spacecrafts Wood Work from Home Folding Computer Table Desk (Brown, Wenge)",Spacecrafts,0,0,0,"1,795",4.1,92,53,"Wednesday, February 16",0,92
369,B09HKT4T8H,"TADesign Smart Engineered Wood Study Desk, Sonoma Oak and White (Matte Natural Wood Grain Finish, Non-Toxic Furniture, 18 Months Warranty)",TADesign,0,0,0,0,5.0,1,0,,0,1
370,B0917JZXRN,"TADesign Muo-6008 Engineered Wood Study Desk (Dark Brown, 18 Months Warranty)",TADesign,0,0,0,"4,499",4.3,4,25,,1,4
371,B09LMP1TSS,"UniArt Round Plastic Desk Grommets Wire Organizer - Perfect for Hide Data Cords in Office Desk, TV Stands, Table Tops and More (Black, Pack of 2)",UniArt,0,0,0,299,0,0,40,"Wednesday, February 16",0,"₹299
₹499 Save ₹200 (40%)"
372,B098T4Z8SP,"LILAC Home Office Laptop Table with 3-Tier Box Shelf Storage, Study Table, Laptop Table, Desk for Home & Office, Work from Home Essential(Mocha Walnut)",LILAC,0,0,0,"4,299",3.2,6,46,"Wednesday, February 16",0,6
373,B09121GQCY,"TEKAVO Metal; Engineered Wood Study Desk (Matte Finish, Brown)",TEKAVO,0,0,0,"15,099",4.4,18,53,"Wednesday, February 23",0,18
374,B08GJ1K37F,"Saygoer Corner Computer Desk Home Office Workstation Triangle PC Laptop Gaming Table Industrial Study Writing Desk for Small Space, Walnut Oak",Saygoer,0,0,0,0,4.1,244,0,,0,244
375,B09QSH7X2K,"Decorat-In Study Desk Table Engineered Wood & Metal Wall Mounted Study Desk Table for Home & Office (Size - 60 x 45 x 15 cm, Color - White)",Decorat-In,0,0,0,"1,490",0,0,50,"Wednesday, February 16",1,"₹1,490
₹2,990 Save ₹1,500 (50%)"
376,B094RFJP9F,Akshni Remo Engineered Wood Office Desk; Study Desk(Brazilian Walnut Finish),Akshni,0,0,0,"7,200",3.3,8,43,"Saturday, February 19",0,8
377,B09MR5CB74,"VIKI Engineered Wood Desk/Study Table(Suede Finish, Frosty White) Kari",,0,0,0,0,0,0,0,,0,
378,B08HHM89DC,"InnoFur Meleti Folding Study Desk,Foldable Office,Adjustable Laptop, Computer,Writing Table Large (White)",InnoFur,0,0,0,"5,989",4.2,105,27,"Mon, 21 Feb, 8:00 am - 5:00 pm",0,105
379,B09KY7FRVR,"Monarch Elevate Height Adjustable Table Desk | Electric | 3 Stage Dual Motor | Ergonomic Sit-Stand Solution | Laminate Table Top Desk (Everest White, 1800 X 700)",Monarch,0,0,0,"44,053",4.4,3,5,"Thursday, February 17",0,3
380,B08GLLYTMC,"DAINTREE Mango Wood Iron Frame Modern Desk (Brown, Black)",DAINTREE,1,0,0,"9,499",4.2,33,14,"Tuesday, February 22",0,33
381,B09NRHVTDL,"Demiwall Wooden Writing Study Table for Adults & Students | Study Desk with Shelf Storage for Home & Office | Sheesham Wood, Honey Finish",Demiwall,1,0,0,"9,999",3.7,36,33,"Thursday, February 24",0,36
382,B08C5HZWTP,"G Fine Furniture Wooden Finish Writing Study Desk for Room Table for Adults | Study Table for Home and Office with Drawer & Shelf | Sheesham Wood, Honey Oak",G,1,0,0,"15,399",4.5,163,29,,1,163
383,B096YK91XF,Streem Sheesham Wooden Finish Study Table for Students Laptop Office Desk Workstation Writing Tables for Study Room Home Wooden Finish Furniture for Study Room 86 * 50 * 75 cm,Streem,1,0,0,"7,999",4.6,21,53,"Tuesday, February 22",0,21
384,B089G9VVGS,"Home Centre Engineered Wood Finish Lewis Promo Computer Desk, Beige, Walnut",Home,0,0,0,"5,288",4.0,35,60,"Thu, 24 Feb, 7:00 am - 9:00 pm",0,35
385,B09NNTGKFC,ERGOMATE Motorized (Single) Sit Stand Desk 1200x600 | Width Adjustable Frame | Basic Controller (Up/Down Buttons) - Black Frame & Mahogany TT,ERGOMATE,0,0,0,0,5.0,1,0,,0,1
386,B09N1F1YY9,ROUNDHILL Solid Sheesham Wood Writing Study Table for Students with 4 Drawer and 1 Door Cabinet Storage Laptop Office Desk Wooden Furniture for Study Room Home Office (Honey Finish),ROUNDHILL,1,0,0,"17,899",0,0,38,"Saturday, February 19",0,"₹17,899
₹28,999 Save ₹11,100 (38%)"
387,B088YSKYV5,"Demiwall Wooden Writing Study Table for Adults & Students | Study Desk with Drawer Storage for Home & Office | Sheesham Wood, Natural Brown Finish",Demiwall,1,0,0,"10,199",4.1,47,36,,1,47
388,B09JRW47KN,"Torche Scholar Study Table in Caribe Color,Wood Finish Study Table, Laptop, Computer Table Desk for Home & Office (Caribe and White)",Torche,1,0,0,"4,299",3.9,14,46,"Wednesday, February 16",1,14
389,B097TM9RLH,WOOD MOUNT Sheesham Wood Study Table Laptop Workstation Desk with 6 Drawer & Shelf Storage Solid Wooden Writing Tables Furniture for Study Room Home Office - (Honey Finish),WOOD,1,0,0,"18,240",5.0,2,39,"Wednesday, February 23",0,2
